8363
18717
3253
6158
4839
13588
13551
10782
5775
12516
22381
7713
16264
7373
19796
6612
10909
19031
19022
2734
13886
6397
15717
10624
10617
1576
7807
6166
11364
11815
12629
10359
8372
20244
6736
2023
13487
18852
11617
9034
14233
13149
14473
188
10368
11215
17159
2669
20188
13844
8770
18270
1973
10025
18266
14427
6382
15259
17428
9001
17920
10646
6664
4992
15096
21122
9845
10298
21210
9859
6696
323
4030
7749
16186
15084
9571
1
6064
15298
10855
20695
17473
2471
13382
8070
21928
21559
19721
20504
11103
7975
8185
20367
818
19669
4557
8507
22164
10611
8274
5663
9253
3556
11942
10319
19416
1531
11128
20131
18840
20752
12168
11553
66
21678
17373
4769
13533
21212
19457
7520
8186
19606
21450
11039
4
20000
9331
497
7086
392
16793
18234
19562
12141
10947
7305
402
6676
1681
17264
19892
8208
12935
2306
337
21955
7067
1462
12126
7528
17242
7887
8490
11021
403
18952
20487
1458
17138
9957
17037
3136
19051
1367
5525
11260
2920
11097
5587
12587
77
6567
16768
6512
11253
4111
4973
19703
11611
13731
6747
4158
19222
7005
18472
180
6441
2634
14536
10400
8651
9962
18973
2075
6371
16469
11383
18760
3969
11929
15899
12072
2218
21734
20499
17834
4750
14325
19016
8971
9974
10288
15592
16560
21573
19307
22103
2258
2179
20401
8206
18758
18539
494
21255
3935
8047
18143
16958
19203
21004
15974
14770
2656
8754
18893
10149
13562
14204
13720
6781
1342
11492
19329
17295
10707
21087
10269
4076
15314
12895
15718
9006
10533
18320
12116
17446
9786
10463
18995
129
4465
11213
16121
12520
8240
20736
16001
20406
17434
7586
6932
17588
22329
10173
15775
14733
12972
20429
10106
6767
9728
752
1658
1509
12913
7843
2268
9618
14960
2970
3994
16551
22094
9927
18955
18693
13235
7600
22022
1050
15090
19515
7026
21079
8570
20185
3903
16387
5123
3302
19983
17078
10852
18723
12036
1594
16831
8095
3221
20497
5926
13691
686
13486
551
2566
10108
17362
20076
8026
10968
12269
19691
10875
6100
14249
2119
2048
10701
15459
19522
16524
11803
6199
4065
2123
18594
3290
6227
7009
21497
11947
17423
6421
4516
16014
16892
10542
13580
16578
21375
6095
14565
16033
17438
3542
7784
19228
17304
13083
11688
5823
21964
18040
11250
336
3773
3056
9755
13702
21788
18563
5735
12418
10386
130
8042
3787
3940
12534
21828
15766
1374
4057
3353
20493
16488
18422
7104
17783
13960
1721
5098
17604
2947
8330
17776
16857
5927
20218
13202
13815
9501
8600
4907
14694
2924
2192
14590
5632
10157
14999
11349
10140
16548
18769
7710
5174
7548
2750
16769
16686
824
14363
152
20271
15408
10492
2233
19191
16010
15332
16968
12243
14766
8565
11112
18016
10981
15820
22012
19403
20967
2912
11585
11721
21962
8545
9992
11143
21309
5683
17610
351
14840
14502
2571
15579
4546
18039
13323
3138
5868
10258
10433
20212
14063
17778
11827
11233
22201
21581
21948
4038
8177
16622
1872
13054
17591
8353
4656
16620
15706
4439
14661
6139
5908
12622
635
5199
12995
13571
16029
20528
22041
1485
1387
16047
1296
9476
18801
15384
16176
5509
16999
5479
21146
5585
16129
15534
8667
1705
11425
7785
3987
3424
21174
11125
7956
17727
15394
15568
5108
6556
6164
11355
19181
9994
16791
19850
12752
21677
17395
14539
19038
16806
8292
17693
11560
10953
11282
21025
22277
1270
20376
15020
11771
2814
20136
16976
7221
18361
16420
3675
21800
12575
18200
11362
15371
11307
17110
2593
8199
19575
2875
10833
8709
10680
21683
9043
6128
21167
3270
754
11710
20199
224
4595
6469
20246
1877
8262
19245
6674
4383
6534
7082
14261
13274
12031
15299
4401
16595
10446
11453
1460
18888
1793
16106
257
11634
7778
22001
10426
3204
20390
8124
16766
5871
10606
13611
18832
4186
15611
14480
15678
2215
2056
482
11382
4477
2019
15841
11809
11850
13294
17881
15254
10005
378
894
11338
11516
3103
3687
15519
18530
18598
615
10808
22144
521
3153
22135
13987
3541
1007
8969
12213
15345
12669
6503
11370
15865
12500
3857
20641
21088
6916
21319
17305
122
1237
13789
669
22461
165
14093
15586
682
8263
13929
2335
5702
17292
8687
2926
12097
14695
20627
3768
17231
20538
16978
15309
19824
2059
12148
19839
7313
4280
11676
15643
5932
9389
16282
7638
17687
8049
9460
8559
20460
18336
11583
6822
1454
8724
9055
12272
1068
7437
9713
16828
10264
14109
21627
3009
7237
5694
4813
1275
20756
17121
20120
18418
14955
21595
9719
10152
17501
19692
218
6500
17324
3529
4873
19735
12203
12563
2695
5407
20349
11149
5463
1921
21102
6185
2174
14703
7393
6550
17158
7057
8606
12478
2345
12695
17867
732
4935
6330
20490
7612
5069
16616
5672
2455
16725
9336
10214
19677
20992
21467
12446
2209
14144
4183
12143
1459
14122
19588
15926
20584
18349
3738
17807
22449
7178
14678
2819
365
11269
10525
7193
3472
11808
1656
7062
14237
12078
10391
4480
1259
8669
18692
4152
1425
3223
16971
5029
10780
18009
12450
10449
15033
18771
18166
7591
2914
3589
4674
7250
19608
1626
13045
16032
9024
14133
3477
20731
10600
11184
13293
21173
8486
14346
22
19689
13020
459
20489
14791
3999
9050
17579
10553
17427
3491
4483
16994
10198
7260
4169
19730
22450
21718
18093
8752
21639
9671
13798
17871
2208
9934
19070
20037
17801
7937
10976
15871
22124
6702
6594
12077
9735
16089
8797
13676
10574
10420
20522
14909
13997
14219
3063
11886
10013
5176
2902
6077
17030
11273
22351
16779
22174
14637
14488
12331
13725
7768
2342
2927
20133
2172
22398
20468
5344
14667
7790
10727
4607
15281
18909
14312
10509
6207
17398
285
15435
2161
11291
1857
234
21755
3107
15580
7848
5455
4534
4888
8860
14360
7777
18358
12386
19251
12902
9349
11158
13074
17870
14458
3828
18606
8916
2149
17924
11836
16466
21388
19690
21784
14152
2958
16223
14886
11517
16213
17695
155
11498
466
10618
11267
21644
14033
15483
1439
1752
21763
12411
9447
1317
15066
13540
10793
15951
2354
16195
104
21329
5947
21434
4883
5258
1200
5138
7480
17190
21588
10559
7094
8456
10919
14547
20105
9486
7978
8467
4716
16453
794
20826
14783
11359
11776
8522
5215
3189
20442
18608
14765
14942
7138
16565
20577
20234
7745
18886
8896
11302
2196
909
4242
16681
4592
8762
17979
9039
17527
21922
8454
18666
12356
1835
3610
99
13922
16712
8862
3842
6031
18768
10560
6176
10461
20643
17856
3917
8992
18655
4806
22317
14343
9314
6848
7130
14987
14031
6308
20919
13109
16685
3690
18413
5560
18591
9743
8554
18325
4939
5074
16688
11846
114
8291
15070
16293
3426
330
19852
15209
496
4077
12991
21690
12361
6232
7072
9896
19620
507
3379
7428
19582
1734
7827
277
2892
14722
17838
3591
17787
956
3606
302
7755
14560
8362
4889
9930
11035
9180
11340
2241
6714
2416
121
17186
10419
17991
13505
3740
16962
18464
19973
14242
7462
22040
3094
13679
9262
11393
9624
20217
2868
5433
16807
20547
9725
17982
252
14252
9164
18912
8371
15550
26
9016
12924
15078
14254
6596
19742
19284
7732
17358
659
18745
11655
17457
10924
13688
5899
138
12894
10759
21863
12088
7735
8519
6648
6634
15294
12642
3821
20868
19501
15602
12776
3073
22256
14018
7816
20586
5316
14415
2509
11954
16969
1109
7348
11421
1245
8267
7509
8101
13885
12120
4531
17740
16073
8009
4122
9099
11814
14155
16442
17650
16175
4027
2173
6189
15263
1683
8151
21047
13248
13607
15840
652
1330
8531
3458
11005
14803
4966
13940
12381
5572
11363
15385
19836
19775
14748
12023
18317
9675
2864
12578
15736
8293
9373
16643
525
21055
123
4064
11857
14764
12285
6583
781
11950
11687
10814
6477
20214
1263
11292
1413
19402
18318
11090
10281
1195
13004
19495
18924
3448
5478
15052
14716
437
509
1693
4471
17663
610
11488
4206
11972
19458
15346
18766
7716
19830
12729
22186
4276
10543
6513
10113
20203
3646
9174
20805
15037
15615
12337
16668
346
15700
19820
12492
14898
7641
3615
21403
2588
12967
10746
20178
5339
5715
20774
14814
21856
14606
4597
8306
13870
20970
7336
22446
5194
11113
7022
12879
13919
102
15264
5298
20283
17779
12792
4427
8357
17066
6473
14780
9677
16015
15150
3530
4616
6001
20725
7374
9951
4772
7776
10070
8052
18295
6342
21878
12348
4433
7358
1943
9165
5777
9751
22122
8957
3979
22385
14407
70
8979
14531
1702
21324
3954
3457
18548
339
756
3020
14471
9450
9367
1468
11727
983
21142
16534
2114
9132
7448
1194
1701
9687
1909
3126
21703
17953
8238
5591
11306
8374
14961
8254
806
18343
22175
21155
5504
21113
20167
3246
18772
20927
21043
510
16428
16482
11127
12459
14348
9310
2444
22086
18223
15654
2937
7148
13278
20362
11013
21041
18047
2640
13426
5456
6253
490
1455
16082
10101
1853
2176
14769
18181
3370
7157
22082
14234
6619
3778
2515
407
7880
14134
18783
10861
5106
4388
3648
10325
4953
11774
21849
19148
14985
17674
11784
9082
6763
13172
18171
18566
9203
16349
8392
12150
369
6361
13183
1938
90
10444
1184
22029
17208
7044
9173
13053
8613
15862
3291
19448
20462
17215
14782
4663
9217
16541
17429
3553
8158
13170
12936
2242
9065
14344
17220
4195
2142
13267
3242
12872
13312
9141
17726
2965
21630
14823
1706
12166
11753
2543
19762
6481
15540
18673
12089
18289
14534
15666
19945
19473
10423
2586
21812
19113
20173
10142
18412
10923
10216
7830
13329
21802
2531
20784
12817
1834
15653
2929
10663
5778
14746
9637
1978
8837
17319
4269
2507
10641
8355
9619
3278
12130
8153
16198
6178
7139
16491
17635
17646
21778
701
17886
4023
16290
9192
13534
4852
15838
7054
2121
1557
15402
22315
1912
15010
20976
1617
689
1795
2280
18244
6490
12544
688
4685
20844
3395
3222
7754
12606
20997
18287
3000
5302
9318
7066
7259
6621
16721
18963
18382
11786
21512
8857
5895
85
19111
6991
12613
1599
375
11136
3889
12786
19599
8907
12227
14762
9291
12912
18568
4110
298
17799
22302
10529
9368
16594
3487
1156
21106
12518
5146
20817
10993
1605
13175
14904
12831
2084
6359
13098
12871
17728
5431
18844
8585
14399
6419
1264
9382
11894
21301
8539
5548
17301
3319
12635
4901
3543
15206
12484
6598
8929
14989
2491
10789
6652
20099
9456
9870
20358
18214
15351
5814
3289
8978
17415
12462
6132
22170
1354
21610
12589
9074
14947
10411
10499
9263
6452
19361
5953
3272
6551
4633
6023
7063
9567
3628
4011
8232
18821
3456
12100
11870
14796
22392
10670
15472
7879
13825
21929
2886
10698
14442
16539
1113
10586
4204
20764
19270
10978
22074
8881
22438
1119
19438
21629
19795
8098
3613
6698
22286
5051
19258
13888
11696
11139
12037
12468
2133
13378
16901
13234
528
7128
648
15531
16825
16362
10898
7490
19894
5795
7990
20119
9760
11544
3729
13450
15970
10734
3200
17530
18226
21384
15879
20009
11627
12772
2625
20261
865
3062
7247
16521
10526
21458
2604
12942
18601
22340
9235
7226
4163
5209
5546
19178
2001
21349
1132
20776
9744
7855
9634
3677
1089
5893
12343
21606
6600
9820
3423
333
11037
21466
12953
10547
13846
11004
9087
14789
21277
12928
20592
216
14444
2580
15448
4819
2467
9276
18827
22296
7288
2077
1765
8765
17019
11015
661
21196
18487
14240
15376
8872
21759
1000
1177
12454
12092
3218
11334
12224
1087
6735
11562
1933
14790
19252
12830
11530
20324
20673
18842
1565
18423
9356
21536
11616
6706
3868
12347
12759
7470
14696
7282
7175
15026
5641
6202
8329
6224
10717
5501
2181
20307
2987
270
5799
22420
5673
4271
10002
15329
22252
1545
14873
3230
12095
10783
5972
1323
10506
1438
9523
6219
1985
5082
4341
3990
19295
10345
14860
478
8691
22240
12681
21154
19772
7722
13252
16846
18532
21419
16095
11749
22212
10019
6704
21823
18495
15957
7209
7436
19543
20653
100
18084
4860
21648
16849
9048
2708
13698
16531
16467
11747
5070
7080
20398
6992
13303
6573
13619
2666
15439
9284
7724
5179
20544
20163
20276
6649
21114
12677
6779
2286
14828
9421
29
10742
22057
15648
11030
10286
10731
9097
20597
2944
2394
3621
13322
9156
11431
14273
4043
8674
13758
11118
7541
13848
12569
19870
9275
12119
13096
8582
11268
22079
2167
9774
12579
2101
20435
19350
20363
18913
3663
4671
4735
20820
5165
3668
5570
3436
11989
18393
6331
12809
7325
19505
14640
2904
7962
17858
12463
1518
9282
12980
2202
13828
18087
1573
6369
11351
7503
13555
20779
11801
21239
4300
15980
6043
18921
3251
20466
6802
11472
11392
19633
613
11467
18301
3783
16975
9869
12908
15202
8612
12047
1124
16802
6852
10452
10477
14250
4855
1950
14493
14186
16011
18800
19519
9392
6318
21094
15680
9606
4393
5761
1533
8749
9371
697
12230
2237
12619
11719
1193
11137
10534
9118
7847
18725
9982
12829
702
21183
4100
21356
18183
1779
148
14174
7071
14089
1465
9037
4541
13103
10519
11830
5325
5340
7850
5840
10840
15512
6097
8619
5036
3793
7619
18337
18207
4950
21394
6745
16122
20516
14551
7961
13517
15897
10049
3731
3374
16273
2452
19931
12618
17760
12257
18917
14631
13261
11461
18918
13257
20148
10261
5377
5011
9692
10957
10692
7613
19492
15322
7265
1434
8813
18376
5538
19033
5266
6046
6233
18283
7655
6725
4431
10882
2518
21231
9514
19137
12756
8097
8970
8143
8327
7150
14440
10475
21153
18992
7791
19411
9019
13865
6722
14181
9187
10925
9661
4615
14322
11200
8405
20823
4719
17012
5857
11999
14546
283
21645
7802
12183
13769
317
16398
15944
10088
16449
8024
21236
9053
9036
19525
7083
8795
15500
1271
18624
18260
21203
18467
16441
17337
5566
960
10771
11073
19602
21057
5100
20146
18072
10998
21050
3647
13177
13631
5903
5524
22426
7708
864
17320
3813
6936
12334
15400
16507
16545
5372
3934
6922
2468
17941
20164
16083
1619
14485
11071
12513
5068
19423
8615
14844
9319
4042
18159
21191
11475
8115
22037
20766
12645
16261
1215
2080
10195
15815
19131
11228
14530
2486
14330
13369
4196
17715
14228
1814
1122
14726
15932
18983
480
1219
2893
16417
16774
21932
14098
16954
21132
9596
8138
229
7884
15367
4097
14839
21708
16143
516
10591
16738
4554
768
14435
1234
9086
20481
11755
7622
3004
1278
17344
542
11426
14169
176
4675
8271
5629
7968
7712
6576
10945
19654
19576
10109
20936
17823
12329
3128
19275
6436
17478
6618
15458
17145
12403
675
8012
8963
13258
8054
12464
4118
10803
18887
7233
9990
16448
4036
11324
7121
12198
6349
6633
19496
11958
8913
6592
6752
10422
6084
16283
13591
6568
4209
10018
9549
15594
17151
718
12145
14292
3956
18162
20500
11510
8082
19133
9669
1027
13556
4906
21803
15802
13153
13990
19827
7663
15328
280
5492
19705
14015
6660
11737
15626
9229
7537
3184
21179
17050
6933
1553
19521
9210
5752
16933
4515
17163
21733
13272
5127
5650
17257
9049
19778
992
17150
13212
3743
12887
7687
1141
21942
15833
4185
5987
954
20459
18120
7581
5406
1021
2040
20070
9775
13265
7269
18513
21222
21772
18112
2018
11663
4319
3484
17170
6785
12820
16251
55
8216
5647
14618
12372
6726
19367
12264
20906
13425
2270
13906
13152
18326
19304
3363
367
5237
7326
7415
2364
21693
10678
20888
11259
13256
18296
20152
14178
6142
9379
191
22134
3420
15950
1689
12617
7986
11744
17598
13482
14156
16877
2858
19793
3757
7992
6904
11454
10443
2990
15660
15169
8820
13291
4755
22115
20862
8298
10997
18604
907
7826
12703
9891
8395
21861
3711
14824
11699
21809
8636
13275
15543
21389
16444
10466
16432
3924
10066
6738
5398
3912
16956
5894
20595
17126
22073
5804
3337
9237
8557
7466
8248
21235
2746
18797
3188
13992
2442
20901
14579
12799
19923
5543
11217
15749
18080
254
17378
8413
5656
9046
14205
11049
8308
8625
12239
15213
5891
7361
835
3513
11849
7012
2603
20658
11804
17592
21140
15637
6541
11922
17191
134
15721
560
18954
8191
18088
16701
16630
19063
3897
18222
19961
5094
12449
3347
20962
7498
12656
6266
8544
20174
14851
10899
8932
935
10434
13583
19138
12177
94
7015
10335
21785
9813
4378
6193
18791
5388
10887
3192
13652
1894
15237
9625
9480
4568
15396
16278
8462
10749
18515
11543
3653
11009
2472
2607
15215
21631
21914
4822
7982
13790
18550
6854
17192
20869
18975
16708
19364
1243
9916
6614
10669
16615
14881
9315
10927
21923
19992
11152
7798
14282
6426
21454
3918
22070
6301
18613
8242
16422
20433
8624
13326
2466
730
22062
397
464
3066
11092
17639
3941
10827
9712
846
6491
11078
12740
13745
3354
1849
5807
3830
12900
7979
361
11785
5287
18567
1529
6478
14735
11394
7508
1690
16177
12472
6425
20132
20762
20710
7912
21684
17907
10996
17346
16224
3718
20829
2664
11537
1209
11909
1806
19803
3688
6894
11254
17851
15362
18749
15031
7635
237
12042
2470
11465
22026
6247
7534
17538
19752
17485
16702
11990
21475
11256
10120
6070
16053
8737
19856
17583
15744
7100
17912
16884
7606
19371
10770
72
14812
8218
4103
5664
18806
21952
20172
7010
3649
14079
8168
19707
3314
6276
11224
1008
13403
12638
21590
4609
2493
3154
5055
20412
6689
4967
16811
14697
7151
9481
5848
3199
6329
3318
15406
15560
2091
19415
15759
6314
14341
4062
13822
6280
2410
21705
2314
8060
7621
2349
21436
2815
22173
1855
21967
22261
8769
20682
21975
11180
12091
11413
12045
4900
4781
2449
15359
7972
6750
13418
13406
18860
2623
15192
19276
9829
15035
20444
6404
16301
20948
6876
5550
6811
239
7219
20156
22159
20922
14478
16720
22463
19447
15581
4380
761
3601
14516
5874
12158
11683
20750
14848
8230
17707
6447
7447
1847
22311
21139
15694
21618
3234
6357
16236
15419
21232
21273
15236
4795
4400
20708
199
19919
3909
19347
8496
12083
19734
3957
7941
20644
15937
18730
4871
19352
4207
8611
22227
8299
21252
9321
7133
10245
14913
2964
1327
3761
13881
17893
342
2360
13340
16677
12779
12993
18123
11614
6096
738
1120
4434
3884
22219
20706
5206
14801
5086
10482
12929
21871
1733
3032
10500
2089
6203
20053
18049
13415
3072
12038
562
779
2961
2977
5539
13689
4456
2930
19498
13869
12011
15714
7396
16022
6780
8546
2150
19934
11499
14529
6422
19398
22366
16019
16115
5994
1696
16478
3225
20723
19938
19557
12899
1421
15835
20768
20336
7897
1919
13225
16824
19127
6591
15494
7761
14608
13661
6805
16133
1168
19799
15506
17389
13006
13806
21580
2340
20571
21215
2055
2105
2608
592
15046
1766
22066
20399
22112
16864
3902
13139
19298
19985
15245
21523
20300
4236
2610
8387
13645
3309
16038
12562
4338
4478
20094
12379
12804
6365
1148
13911
14409
8792
2434
6571
13476
6863
9572
15761
17628
9561
2109
14104
16216
10412
19377
8147
5495
9294
14113
20215
17148
15339
20561
7959
533
18205
14850
18645
4909
3471
3682
4159
18949
10622
7720
20080
10849
5159
21833
4466
14668
2224
17940
17933
17986
2136
20446
20900
12065
5989
15867
13772
19437
3021
22100
13582
18372
19311
4846
4958
7781
16770
15122
16985
16153
10318
7251
8788
9676
833
5315
21838
20477
10262
13396
20279
2806
12371
5759
8948
9923
19117
14833
11354
20305
21652
5268
7964
13784
8044
2344
19740
7670
15025
6875
19738
10364
17384
5484
400
6022
16035
16124
799
13932
8382
13216
8879
5655
21105
5241
21761
12280
15965
15704
13431
13859
17426
19240
16445
15315
9586
21409
6168
9000
6121
18300
20083
4991
3953
14949
1738
11300
17543
5229
4942
9446
6244
9907
8767
16363
14815
17537
7501
14490
5393
12452
6897
643
15523
17339
5819
22374
8067
21946
14366
5887
7203
2715
7216
17667
12001
15151
6901
12344
12650
21058
19390
17739
2365
6038
10705
2112
18638
3891
8001
10779
8419
8324
7192
20007
22008
9494
16194
8028
16371
15697
6058
13937
5654
17386
10192
1300
22125
12068
21334
19003
15886
12169
6050
11236
15963
17436
14153
12853
15895
19264
3798
14296
14259
7664
19699
9882
19375
7512
10334
21072
12437
22007
18636
9028
22027
1895
2922
10733
4957
13849
6986
7442
6832
18684
7487
12573
14671
2553
2483
12774
21131
11194
17401
12048
8065
9848
14739
5277
15185
4116
4975
8498
14451
11265
15804
18938
20845
13
8593
2328
18527
19026
15008
124
6078
14692
10225
5962
8607
19217
6625
1313
22180
7240
10274
4075
22181
4306
18622
10813
12147
19385
7095
1750
17350
3077
11165
5329
5721
18298
8265
2820
4452
20636
17517
6830
10598
426
12399
20879
11899
10627
15246
3139
3630
17275
7603
9102
16737
17055
15057
8502
14945
2134
14272
7924
804
17645
9038
19434
8252
17626
101
18529
6815
7867
3833
4874
11072
14503
11762
17947
22276
4887
6641
20033
17254
17845
12359
11178
22437
19405
8897
18481
18581
2925
9968
15857
10341
14379
2816
9914
3993
22084
9663
13875
15728
14253
14257
9970
19531
17891
9047
7136
22445
19209
4562
8840
3602
13862
6886
9642
14197
7813
3027
6565
14168
22467
15416
4677
17938
16666
7983
14958
9175
21599
371
19030
17024
20606
14515
3197
7709
19783
13027
1945
6174
3252
22352
7460
11212
19387
9881
9903
7950
3226
15055
16918
17897
13092
5580
14900
12576
16181
7252
14047
7431
10843
17839
20059
4003
20419
10657
20995
14210
21987
17149
17387
19998
16955
15799
16731
10593
6271
20509
21791
21354
5020
15287
5686
11864
21078
18416
10196
11430
6533
21887
11003
1946
17833
10251
22313
18456
17459
9816
3797
517
10939
13365
31
8877
14870
10772
7726
20012
11898
17127
16667
12749
647
8187
22222
7222
4911
8154
9439
16863
16128
1825
341
9641
6292
20880
14847
15600
18777
17010
19189
4758
20792
12641
4402
2186
19200
927
4347
10794
18235
17441
264
3499
20075
3198
4657
16693
14350
8449
21486
4017
19372
14822
9144
14591
12760
8925
3781
3403
21745
11507
15992
6554
6765
3475
546
11901
5307
6116
11678
21749
7757
15064
535
901
13821
19884
8558
2619
12735
7198
5323
1674
5914
11852
21048
16898
2787
3905
2026
19121
4676
10497
6012
16746
2978
16982
16438
18392
19542
10493
3377
21311
21110
11277
21013
14795
18353
10977
512
6278
800
1478
10119
13767
16673
22370
4989
11119
16245
14946
5046
6302
12276
12098
5896
11411
13242
10630
14482
10815
18971
5066
17641
3075
215
1096
17780
20452
20983
1774
4561
14361
14496
11842
7938
16112
13101
3713
15894
8517
21556
8077
15137
4913
19502
13719
18438
8901
2051
13264
1311
13077
1136
13244
10809
4742
5208
21997
21327
17197
12916
4578
15303
10437
14111
8477
784
14487
17852
15947
22416
7162
20514
12154
2333
18903
12056
3735
17203
19631
20130
1740
22160
21186
16410
17989
4996
1329
1535
14601
9623
5684
4842
15241
17996
19093
11372
10557
14605
10862
13884
1359
15373
11709
19076
7502
12956
13610
2
19124
3026
1065
908
5589
6445
6270
15462
3488
1041
20438
1996
4217
9975
13043
16777
2841
4574
13317
17528
8883
8385
17864
7474
8659
6364
9432
916
14274
1126
19567
16027
6632
18994
2882
8720
10020
22378
3775
15670
16426
10210
8086
17130
3679
14596
15260
16111
14911
22194
21027
1634
16367
22162
2081
7032
3683
4176
10986
8094
10512
18124
18639
22328
13575
4257
18820
6562
17051
1745
13064
5461
13297
9936
1390
8164
20951
15401
7257
4544
19369
11201
15918
7101
808
22331
1071
11459
315
16127
16536
22183
20257
6701
15218
4790
15562
9470
4420
17691
7007
11964
4511
6522
5
12456
4789
17790
11514
19507
11579
6107
18496
8921
3168
5010
20990
22237
9858
11405
1789
15147
19641
4756
6806
16039
5662
6307
20280
14398
412
11631
20828
9359
15044
7677
11054
6225
8018
5023
20625
18631
16471
2942
13007
19101
3864
942
15473
15909
2153
2245
2611
2653
2214
4640
13525
2596
17065
5678
18277
10988
14689
6864
39
9151
10425
18107
6728
1882
16532
3863
15145
13552
13504
19017
17135
2668
18188
1783
463
3447
20954
6398
3930
4071
18773
21882
8664
4917
4193
2137
18245
6173
10253
18928
10105
16749
19545
20744
9946
10498
15164
9433
6642
12325
1106
899
12178
7409
2085
11604
12311
10850
15713
4462
17460
6162
16210
17831
2230
17397
14576
1797
13309
15861
17540
10769
8305
10454
16109
13915
1281
14167
18935
5513
7258
600
15005
582
3279
8514
11867
21096
9352
18895
5033
10362
5637
1925
5189
2278
9822
13957
9849
13021
10083
14455
16276
21083
21509
12419
20498
902
19509
19893
61
7668
9388
632
18929
21176
19891
694
9242
2613
20650
4018
13602
11494
18607
17090
3089
18743
7851
11423
746
15552
14368
15211
1970
17704
14154
4714
13343
13273
9973
10178
11114
17841
12465
4504
3532
17325
147
15045
17866
11825
7939
656
21020
13441
3546
12241
2422
15229
19573
15141
10041
15641
15129
17860
4961
8182
20659
19711
8064
8162
15884
6773
15004
714
2744
8660
5828
7403
7379
18869
11485
2824
15674
14875
19955
20624
8483
19950
18153
17876
18220
14025
15191
16902
14136
2171
9069
18611
7161
11274
943
21566
4897
16226
11170
8781
6390
8359
16292
10797
21385
15783
8991
12925
1722
3839
20347
14858
8508
12548
2646
4954
8120
12570
13368
15200
14102
18718
7989
11848
20515
17596
22373
8313
2512
4188
6091
7882
22319
14718
12911
18146
18064
2759
9431
11982
7308
13350
10166
5168
1831
7618
15399
20092
321
6332
18115
4000
6312
6799
14681
1544
17662
13224
83
16623
18407
6850
7892
9197
21498
13494
9266
21949
14998
6245
567
10240
15842
7630
2031
1521
21937
1929
5252
16473
18704
9072
11978
12245
5699
15338
2195
3880
9662
18804
14868
5952
5121
20765
21195
1568
19731
19863
5303
526
2564
6355
20930
2840
14020
5547
10969
19948
21542
20488
5451
559
9723
18868
3896
51
16606
4153
19337
6384
2768
14218
16845
2506
15638
22158
7615
5112
3669
18946
19319
3852
267
4426
6044
13280
9257
19090
12193
12160
12812
10954
4189
14391
7634
22453
10634
6236
10992
16408
11769
15023
11703
22401
3061
9754
5773
13596
5408
16394
15990
1182
6363
5700
6930
18931
20079
16520
10767
22136
2595
12153
8598
6082
5639
5516
9526
2592
20299
326
11248
9404
17602
4440
12965
7821
16295
21030
2624
21960
3885
1128
18979
15195
5047
11033
5557
1653
15321
16697
20232
16755
4210
10963
783
20924
5280
14171
9334
12218
1476
20883
17088
22361
10810
1324
6391
12684
8129
1926
2431
11063
17569
9764
8133
873
8014
13157
11388
10458
2856
13213
20024
17454
21867
904
6489
5713
4579
3361
1817
15414
19926
11548
770
9503
1235
8903
16843
20265
349
21767
13132
16197
2636
22347
627
7969
9095
14832
13508
15695
8671
6089
19946
2833
21344
9818
297
5923
7565
19500
9021
1093
3608
9541
4858
9559
13093
3672
12666
5097
9809
4509
3694
18861
22072
4543
14116
12527
16163
11746
5202
4612
7197
3915
3892
9283
18440
19779
9394
17206
16036
2013
11227
13445
19908
13401
17063
5362
14006
919
9370
2533
3322
1292
10079
14597
11432
17577
5948
13002
21500
7429
13771
9408
18094
4109
19268
18034
21422
21600
7694
15465
631
10396
729
4826
7763
18190
9225
19204
14619
3678
17578
3866
15874
5910
14297
9337
8339
10818
2403
601
11162
16854
19365
12165
14016
6951
15622
995
19151
7412
8471
9485
4560
15140
7268
11605
10027
11190
12693
5343
20052
2232
8335
848
2869
1199
9063
18322
13036
6041
20941
2724
4812
8681
774
7513
10154
12667
13462
2532
17169
1635
14086
3705
4311
20730
6982
9901
11266
12840
10596
12738
14099
8835
14928
10292
8451
11121
18017
17392
9269
10844
8465
19639
12992
2106
6402
20688
14793
2909
18079
6492
7845
3590
2554
16160
21982
1111
9543
21977
6423
2404
2479
21572
8446
17846
9548
19358
3385
20714
20856
15907
990
2740
13950
10206
17699
4283
16277
10476
12523
13892
7351
14513
7357
12807
79
10528
20202
14903
9644
3996
20250
1396
6427
19376
4503
21931
8361
20394
11050
840
9752
11962
4012
17536
3933
19476
1225
14039
17904
16340
11473
7493
21513
10123
21035
5427
13528
22305
18427
18953
21930
5149
5869
6654
4225
15645
14041
10187
15603
3084
5015
9366
19587
20619
750
11193
20192
20001
11442
8912
7475
17863
7864
13439
6231
11361
11953
597
18514
1153
12553
11223
11391
6836
20345
17180
3390
21496
18090
17094
17750
9045
12163
430
2528
6927
6812
20722
4821
9256
1896
17849
9493
311
11187
13324
18180
17106
16557
1842
13961
5767
14271
19481
20068
4334
11422
14971
18170
13668
469
19574
5386
20841
4761
10445
19128
19957
6053
5198
3
6129
11456
21940
6196
1906
21365
20581
16458
14740
2530
19626
12067
7653
16260
20091
6175
18746
16760
11449
13897
3400
13982
8146
19404
41
4527
4528
19477
11062
21323
20672
12279
19324
511
9143
9531
1032
19593
2794
22140
8251
17219
16550
4977
6544
3024
4243
1190
22207
5861
12082
14623
17308
7093
16782
19042
20385
15156
15620
16369
20773
18155
1175
11816
11797
11593
2115
20254
12235
13416
2228
9807
594
19849
9705
1221
12300
11527
6408
13262
22263
18925
6658
20696
16141
21026
8753
4061
6218
4856
8328
13649
6339
14719
5688
12996
9852
3564
5283
19379
7803
5171
10651
16051
19000
12416
8071
19553
5255
3175
20827
7917
21442
20832
11541
11345
5158
1829
2523
17880
3874
6667
19544
4315
6888
8119
4191
439
15657
8126
21168
2516
5925
15230
13989
7519
12533
5622
5687
21850
9602
1189
17772
7977
16065
21208
9077
15806
5390
15116
6749
11568
20102
20008
6626
20864
6686
5623
8268
60
5945
11971
15216
1763
16823
8169
21269
7400
6060
12351
16642
3005
18128
21866
18727
15967
5469
1650
16436
6443
4342
22065
20045
14570
17359
22208
18779
10956
15060
13283
8015
2151
21470
20639
3241
3330
10314
13155
4428
3081
11984
571
12530
18786
13386
6958
4160
6543
9030
5166
16997
16660
21568
21443
5748
21505
3110
13182
17287
16501
19540
5200
16139
2301
467
7468
922
11545
12665
11469
21417
5988
3802
15208
16084
16016
5800
14036
4938
2583
9181
19011
20342
15849
8641
9905
2451
15632
17882
11209
11336
5464
10658
13747
7971
17209
16832
1357
16678
9724
6125
3560
5610
16258
4922
18006
21259
17284
11198
14969
6540
20260
21284
5981
12814
16839
14981
9551
15073
8805
2771
20472
17182
4312
11229
1639
16499
8288
10582
6766
3780
13140
17103
2391
18118
20819
4693
1865
6279
10436
16055
5072
9081
17394
6497
20278
15986
6797
660
13042
21037
5480
16516
7311
14677
12564
17566
3766
6914
12950
20798
9261
4040
6351
13544
15364
7225
5040
14239
2443
6457
7828
6516
15677
1879
14115
17100
7926
20168
10282
4573
1123
2852
2685
1146
7347
17620
20064
16625
6487
8802
18484
13635
6067
10256
16170
7705
16726
890
15878
4275
12396
13142
10346
14834
14809
22188
2071
7894
657
13019
21008
21756
13735
4253
16776
12515
6285
13541
2368
9911
11684
936
518
3349
11697
20226
22289
14320
13522
3722
5382
1318
3741
18482
11280
14950
13237
1618
7549
2420
7135
920
4068
12889
1325
3496
21353
7948
5285
12742
5236
7536
1720
21328
4211
1547
16814
21659
3561
18415
4764
21623
17020
16965
4959
12555
5374
745
16972
4297
5221
13428
4670
2802
16562
1981
12678
14792
6762
13755
16555
5218
17814
12358
19792
2387
14889
16799
13434
9617
16406
16479
4045
6866
21341
5322
766
14040
17171
9834
16514
196
1044
1886
22202
15470
15619
7303
15639
13131
9238
1627
10252
4628
11897
3052
12392
14939
5147
12901
10967
9741
959
18056
12221
16322
2895
5257
1242
11756
8210
8936
16093
12420
1101
17411
5802
6599
5681
13341
13667
8103
12248
20607
11700
20141
21068
18759
7315
8257
5351
12836
21086
14646
12424
7076
3848
1005
11731
22177
5502
18937
6211
21117
17512
8384
370
8131
11373
17221
22002
12402
17099
1246
7220
4489
5798
8574
12370
2671
6772
17670
19646
20801
16336
15446
14101
74
20770
14659
11323
7078
13344
9632
3037
9823
2166
9545
10933
19466
3792
19195
14852
12225
16328
1047
3791
13001
10034
1940
1914
19873
11059
8587
8910
1404
18701
16397
16493
10643
9152
1885
6980
16191
7806
1759
14966
16907
3282
8870
10610
2315
8506
10966
15742
15276
18518
5535
13485
21781
18097
13966
4445
5900
10672
2413
13119
6731
2326
8763
10522
17546
21981
13302
5845
3518
9108
8360
22044
9189
13576
17633
15074
9996
19172
10297
4086
17848
6770
1149
495
2409
9066
14992
1965
3311
19959
6615
20758
12948
19310
2100
10544
9590
8766
6558
13597
13893
13657
18409
7789
3584
11166
5137
19749
4142
1293
22436
4701
11775
21843
18253
12869
10970
13752
7940
4542
6066
4072
2857
15959
14073
9206
968
19712
12407
1112
1993
15076
15719
6961
3070
2960
17105
2113
20032
10186
21554
9287
20713
9769
666
1798
18984
12035
5886
16368
9128
7324
18828
14001
6694
9342
15109
10093
22230
15131
18942
17477
5944
7444
14414
14544
2047
11761
5787
9560
2805
10284
15085
16803
17332
5473
12034
12027
6049
9532
18714
5375
9419
7212
17733
7163
1453
17719
13527
20439
13174
12144
6030
6505
11296
12557
3788
17443
12028
13741
5596
21427
16137
15961
13100
3689
4248
12988
7779
5931
21213
10008
14148
4857
19451
9684
19019
20387
20634
10604
8825
9166
11704
1269
17098
19493
9194
8780
9299
13012
7860
8157
19524
4777
19001
9499
15625
11903
21925
14383
14936
15126
9856
2905
5634
20216
1500
9209
14270
20550
15106
7112
8621
9059
20872
16938
2497
13695
10932
22168
7341
1224
12875
10208
10960
431
6228
6768
8166
12987
1356
11911
20108
14917
20249
7590
1393
4635
12909
4397
19634
8474
17120
13626
15858
1489
3919
1691
15301
3973
6470
18580
15763
13190
4190
6817
15788
10102
16480
18092
17470
6358
4337
10424
18100
18597
12625
1493
16653
2388
12833
3133
21046
2898
4723
9953
12732
955
5487
2355
21355
3703
17987
12707
2754
10451
12939
15466
15341
14511
14919
18002
19715
3966
233
21747
1198
14044
10481
12000
6973
14060
20751
16998
3764
1230
10175
18121
7945
6603
5597
21748
22390
5890
15663
3398
802
10546
20795
20932
18356
8729
10447
5414
22010
2220
12460
6112
10732
14587
21136
11347
2514
17329
2973
19665
17248
11251
2723
7368
8325
3333
20746
17376
19083
16841
7235
11038
394
15612
550
12025
9084
4067
4809
19858
7759
6622
52
11952
10082
11538
11110
9358
2337
22464
1328
8453
17669
12526
16692
9504
797
3964
8930
6920
5013
10824
7043
17071
1211
8106
9005
15353
10171
13104
21917
18853
3504
9339
19444
1247
6442
16709
7319
20590
505
6628
10303
8894
10930
20700
14506
240
1532
5035
11959
13791
11403
9362
7362
18257
3626
3469
18498
6987
15368
6983
21543
14836
22028
1339
6204
22097
13642
4501
2011
4870
9554
10665
19432
3097
421
2424
12298
13424
13781
5608
11173
18086
22024
13085
3586
16786
614
4203
16533
6713
2931
16346
16910
15340
393
12254
18703
12443
13072
15544
8220
10380
2390
113
6059
10114
7275
7158
11855
9674
12140
16414
21900
20369
22245
17574
14730
15165
4707
16203
9658
578
11597
12375
3785
12495
7456
18719
1988
12746
12425
21211
15411
11915
16030
3906
8988
10609
16564
16876
19949
590
9521
4632
5544
3697
21519
6507
19247
879
449
6687
6
16759
9398
13807
8898
14353
8233
3625
19292
22004
13553
2558
12155
12609
9399
14959
2348
17239
13499
5510
9172
8178
21366
20308
14880
11410
20772
14706
2323
19302
583
5751
22248
6040
6141
22316
13590
5131
18237
4737
7108
7279
8417
5862
19141
19695
6898
5929
4112
7809
21848
15745
10566
20892
13561
6597
815
16742
11657
20430
395
10908
16072
5120
881
21103
871
20029
827
1349
9149
2087
11399
18985
3306
11014
20295
8386
19876
13184
12066
18052
3514
10805
91
1974
2312
672
4943
22435
2739
11315
17289
16762
6007
17684
10283
3533
5690
19672
14106
8695
17988
14872
12880
4558
744
2788
5668
11525
11068
14358
10384
11879
6792
19743
16023
8584
13205
4879
5559
10352
3862
20889
18306
13059
13854
6910
14400
8189
22106
17599
10003
4041
1647
3040
12593
14110
8246
13478
15882
21729
5768
19702
2557
12445
8934
9515
5443
8424
5614
4678
11016
10991
14652
17752
13408
14179
16013
18689
4964
14622
6200
2445
7458
15949
18678
9112
3910
17437
8285
9527
11794
7266
13173
16470
14335
16119
50
13232
10241
20876
9031
20140
19187
17954
2524
4498
19947
3820
18825
21991
6843
568
8489
8733
15814
10402
4016
2421
6666
8006
17142
5658
8295
17678
13871
17744
10588
8509
19780
10554
12324
4187
1267
15158
3229
15633
3277
3554
16554
436
18284
16796
20153
10831
20474
14908
6825
6340
12767
9581
2703
15120
15948
16075
14189
3038
513
15982
22405
2921
5826
2379
1548
8036
6605
10014
8663
4851
19954
8351
4696
19583
3552
17631
15041
19005
21290
12777
4107
20934
9227
16608
19753
9255
21895
12592
7388
22102
14821
22023
7152
6251
14973
7607
9254
4620
3777
19854
6844
3853
21713
4447
4127
21555
13928
8858
3476
10202
3407
937
6009
9924
21491
3108
14035
721
8922
15249
20913
14340
2418
7106
11429
20931
4760
4369
15317
14382
8828
7556
5626
13420
7697
19581
4270
228
145
3737
7155
15021
17092
18534
10575
7089
4090
20247
17452
10695
20046
15987
3205
8935
14941
10552
15756
16324
9978
18642
9471
20848
16085
11310
16957
17505
16748
13976
17570
6151
12598
197
13150
3733
8831
7011
2021
19645
9423
2477
11444
7839
3047
5911
12139
8130
18167
8520
14014
12640
5500
20375
7934
15668
11204
22239
14799
16636
2562
8755
1401
12849
13206
8990
22217
19384
10530
151
13633
6039
17883
8886
15872
18589
12806
13526
7817
20574
11293
4174
18424
10984
11642
18870
12404
1212
9160
4329
17258
9041
19261
19147
7981
19220
4775
17274
4167
16950
17093
16948
22267
2901
19578
19920
11928
19618
12701
4969
4461
11582
11408
12960
2419
2414
21062
20035
6952
3938
5821
13853
12187
14878
2933
19746
9522
6032
14356
16869
3870
17297
13721
5420
20837
21612
21544
915
8542
10007
3142
1624
1649
1613
16992
1303
14686
882
19698
5320
11890
17223
21774
7570
3462
10760
16728
11412
19236
4687
5470
5488
10761
19478
15017
8594
20621
760
9552
12724
14175
19725
19967
19823
15182
5144
6838
8038
14248
8999
16658
18389
22013
19428
897
3517
7091
17781
11366
13472
20198
1409
7289
6069
11317
2496
21614
20626
14161
10339
1997
17247
4473
18708
17448
16602
15464
4379
20392
1095
7173
1226
591
3878
1668
11437
9667
12461
19625
7218
15821
1830
19279
334
4794
15177
21527
14611
8537
17031
7394
15006
9155
15468
5071
19332
2567
2352
17606
20782
15093
14603
12018
5037
12974
3641
7859
9646
9202
13196
20093
16193
5217
4804
10340
12783
2575
4869
4423
14683
13521
19710
22109
10194
16348
18164
20546
22383
3046
15231
5977
15290
2499
11147
2884
106
4784
12185
20259
19529
2969
5196
16900
16457
17062
7473
4414
8125
22111
22375
15143
14709
19196
11594
1860
15954
4486
8740
14641
17162
11244
9847
12907
18629
2252
7751
18247
11161
9211
7408
18062
9350
8312
6990
4290
14578
156
16090
19079
15232
9940
13577
14492
20161
19513
15210
11609
15283
12714
15018
5968
5162
20539
19609
17550
21034
16896
4747
19037
14388
1711
21675
15387
3100
20724
14459
15223
12861
11079
7645
5648
13573
7702
16951
6290
5300
17072
14338
11210
12521
268
17399
18850
9656
9652
21036
22080
8258
17969
20253
18201
16618
7870
17603
15631
11650
17343
4744
13056
4832
10249
4848
12079
1823
7909
2273
15658
21799
4976
13203
21750
11643
11986
2776
19558
19388
19956
8494
2940
14650
17113
7766
9418
6693
18651
2959
12171
17038
9802
22224
7644
4120
14929
5276
12524
13435
19560
20338
17391
11759
12581
17198
10259
8941
16472
18273
11401
9773
19853
3285
16511
21545
16716
18617
15868
19906
7564
679
16041
18129
3642
9762
2484
22268
14948
15644
21077
695
21274
19020
21305
15785
9986
5226
7048
6088
15454
5369
14262
17022
4464
891
9636
1803
6984
16120
2366
21482
18024
20543
11768
10905
206
15912
11295
18545
10972
6677
606
12761
13918
17967
21674
4998
12646
17966
11966
1316
19333
20899
15664
7134
13709
15760
4514
12670
13831
10860
15107
9647
18315
19024
4284
1979
5111
14334
2275
8117
18541
20897
3405
10510
10819
21291
13226
2285
7228
1963
22309
13200
4540
7427
7090
9520
13339
12076
10469
17562
8394
6959
17504
15476
15813
11549
15732
9777
11917
20646
1987
17571
17983
13399
18074
13706
15662
9797
11777
2146
1727
5999
6220
14365
14476
17972
2163
2832
8579
12851
2094
16527
11365
22414
8960
2612
3342
3742
22178
15350
109
1273
12062
1086
10648
9300
12773
10725
10228
21446
1360
21241
19305
763
7018
301
12918
4333
14745
14956
7229
8411
11943
19158
18525
1719
13276
21621
3120
7792
17694
7873
14670
21219
11451
21993
14128
957
14862
12440
18012
17909
2235
977
10571
20095
5628
6137
7566
10785
385
7471
4549
15352
4235
1228
22343
4507
19810
10065
19548
17605
17890
11889
19243
21260
11729
12376
14562
17253
17928
22110
19704
22389
4060
5619
17686
16734
17843
20742
20402
9466
13550
7801
15904
22304
3614
1040
12332
3158
15436
5983
20422
8716
8895
3522
3945
16079
14857
21611
7037
17354
21240
20365
4484
10091
1718
368
2837
14754
2037
8255
17490
16105
2897
7271
13650
17455
17922
20025
2700
2945
4330
9935
20818
3006
5551
10995
247
10221
17612
7416
13017
13757
18304
246
10853
18991
12874
4219
18744
14323
2238
20560
10788
15810
3167
1125
14905
11252
11600
5289
1315
21533
13437
3550
2374
2316
11822
12959
6755
21281
9739
21399
5665
19049
7914
9958
338
17472
22349
8732
10408
14265
997
10590
8911
9716
13824
20071
19225
22020
18705
9603
8237
19982
11308
3779
5973
19978
5052
12039
2058
11970
8396
21129
7231
4128
4739
925
13750
3762
2570
4876
4022
5025
14280
4818
4644
593
18457
15067
4863
21768
8888
8348
3749
3948
16577
16437
2517
9542
9452
7142
21242
9220
5030
15337
5606
19815
19014
2488
212
12249
9580
484
20980
21121
17075
22119
4425
15372
8533
16081
7510
432
9550
18810
8247
20277
4910
2972
9455
11927
11957
3952
17116
2170
11813
12651
21671
2767
8601
8113
10104
14426
16159
21538
2034
6154
12175
18216
3563
16393
20354
580
2318
5531
829
15194
3489
17393
12209
18997
11877
4985
5385
14212
4840
1279
5294
15086
4296
3726
21681
20421
1992
12755
11301
12514
5943
7642
822
11242
19041
19062
13254
8568
11734
13058
6804
15030
8556
1785
5720
21233
7096
21792
7966
14853
3673
15570
9812
16865
11587
12567
6321
2156
4453
6661
5402
19461
6464
12823
4893
12305
10232
21021
18221
4074
22275
14469
9364
7911
3466
19759
13559
2347
9700
16874
7596
11565
10673
3965
20418
15186
19486
4569
16003
14864
16838
4232
6945
5450
19637
13400
16379
15110
18369
14702
18648
18397
13453
45
12401
15929
5964
3305
3939
5383
18408
20715
20567
17549
6580
19511
21253
8677
8236
20443
3334
13268
8871
11905
2033
17656
6214
1622
9745
22408
20925
5335
19564
5230
19499
12469
13228
1103
17659
21811
14243
18193
15822
17925
6834
4050
6459
350
10234
18882
17125
1187
5698
4884
21510
18862
15181
7631
4978
19053
14396
2539
6730
15097
486
11851
6171
1989
21066
178
7833
4584
9109
7195
15239
20785
9434
15043
1837
305
7540
14264
10633
14420
20049
16218
17312
5873
5477
12643
3397
1583
13361
289
16091
17495
3719
14173
3972
19794
8241
13353
16071
4224
4934
18729
6275
3328
9416
3574
15690
20396
15535
2680
17416
14241
15039
5961
6946
15289
7293
14466
9116
1290
12850
8222
16455
20315
9731
4476
13694
17236
10440
14524
12055
1901
21995
6393
3067
13643
8260
19421
15687
2265
14743
4672
11833
9163
5719
20380
3502
18665
21317
14865
5299
924
19136
4010
3493
2203
17710
10393
1749
3691
21224
16780
4836
470
14751
11065
16800
21438
12810
16676
16330
7835
4655
21175
10961
4409
21696
5577
12615
4034
20822
8734
22092
15127
11799
290
13678
5503
8139
22153
18379
18516
8715
7869
6892
9944
13314
12832
81
7741
15561
15524
21423
9169
12648
20359
6378
19174
20084
9279
9883
20334
5553
19530
20981
2585
3535
1598
22118
356
8455
3645
8347
2999
19649
4536
8630
10299
18071
12315
14772
14157
9718
19818
19067
4694
9566
304
13572
12496
12946
4381
1351
11105
18710
9133
5975
7170
22266
21347
13737
4304
21738
17217
6085
9660
21616
9893
2190
14663
13967
15243
7426
4192
8091
7602
11332
11331
21487
17984
8367
20937
11131
19964
19630
2862
4625
4475
65
19922
9817
10132
3600
17921
5324
21663
5253
8300
20734
15326
3034
18314
14741
8068
16255
1585
755
13286
7680
11994
1866
19812
95
9260
20602
11573
2282
3832
21760
1744
22318
3497
7132
10721
12721
8618
3975
14778
1939
4499
22226
18
3521
21790
11512
5284
20618
6947
18473
1960
1620
21314
604
21407
88
6018
17042
6769
16155
811
5847
14838
19726
11802
18696
5465
13128
20978
18905
1999
3981
4229
14381
9900
3814
22000
15683
15771
19028
16309
7340
21775
8821
10271
16306
5808
21189
11378
15510
8152
14701
8567
21297
1998
16853
11506
9803
14633
13095
1466
20917
14988
1129
10614
2983
13630
18982
1638
2676
281
17307
12283
3702
21810
6496
16149
13780
7422
11067
12982
759
16361
5600
8751
16778
2535
362
19297
10392
14802
9125
9120
11164
17089
6395
5207
14213
3483
11232
3386
18762
10952
5879
12507
18694
2474
5918
11045
7953
2505
10798
8050
19446
16059
11501
19193
9188
21325
15851
8745
474
20797
21524
13005
14736
20252
14439
12382
13432
15686
7550
6182
7041
4611
8402
15098
18069
17288
3558
18654
8869
753
5354
15782
5601
8595
20521
15311
1080
10468
9126
789
6996
5514
2092
5993
335
19455
1227
7153
1461
17544
16707
8204
2325
4600
15135
18533
6420
18475
6313
11064
9844
9003
16890
12552
377
44
6453
4051
10697
5889
360
8062
10072
2359
22407
5317
12195
8975
21085
15228
4325
19533
5436
8965
17511
543
3449
664
1151
10539
21658
12086
5561
12480
21926
16862
18996
8249
11397
20151
19930
13460
16256
7370
20559
20138
16214
16347
8087
127
12069
5019
15183
8926
15019
13727
11992
14759
2847
13123
785
16809
18945
13639
16302
19504
12252
10235
15850
7949
11020
2572
10777
13946
10488
11502
20645
6501
21844
1503
20769
16870
12353
9258
22295
20846
14653
12775
16464
262
20810
14295
13063
8654
15716
7876
22264
16993
4914
7097
21081
17216
8543
14176
4963
4494
8573
1976
4419
14895
8418
14043
4634
21635
3692
17685
2762
19673
4726
20505
15205
6208
14628
16741
16241
22417
13753
11680
501
17422
15953
1482
10329
17532
17069
3914
21120
17934
10479
20675
2049
21000
839
19963
17056
11448
8316
20598
1244
4025
8183
12111
2297
9159
15976
10616
20047
1907
6399
9301
4563
15596
3974
6720
16952
15969
13208
5126
3867
3963
4302
11424
10203
18964
11341
6502
17560
13447
6557
19889
6721
21894
15111
9714
2628
6913
3065
20575
22428
16370
12708
17214
3131
12999
589
8596
4221
2974
21666
21033
9689
16639
13794
8495
10904
19383
21302
2605
9939
14940
10372
487
4793
19144
406
12574
14861
15130
18974
14125
15616
18561
14164
10747
12442
18948
2774
8002
4660
7055
18707
4495
2632
2890
128
14682
14290
18230
8773
20617
19805
20089
9890
19074
21807
16490
17374
2615
10694
12745
11022
7804
3769
18792
21920
8010
18809
15007
9375
230
1049
8995
21851
18990
8515
20811
2825
7061
16161
12302
11745
15558
13178
10751
6160
2183
15735
15063
20135
8712
9033
4725
6346
19289
20319
21897
595
20159
11860
19628
8609
19520
11055
11348
9461
4517
20269
3899
17238
14052
12204
11134
9360
3030
16358
19943
17764
8301
15649
5970
17977
12313
21244
3829
6923
6972
3104
6406
3619
14277
5122
5155
8891
11557
16549
9779
19487
9563
4351
16609
7208
6029
10081
22433
4307
18198
21492
9878
17955
7227
8057
10959
3865
21994
4390
11969
6474
18038
8817
21023
8134
20020
12040
8548
11672
19660
9557
16559
13121
14462
3991
20027
16743
2386
10743
16626
18459
3454
7454
19871
16960
9363
12654
585
14592
4288
17172
9860
19643
12917
22133
20902
21753
7933
1905
1377
12113
2981
8902
4292
5212
8980
4343
5128
12394
4357
11041
20170
16285
8961
1334
9176
5460
6764
13951
5490
13814
9759
238
329
6486
4053
15056
11503
5132
4732
19281
19591
5985
757
20956
10802
2644
17377
18805
11904
6020
2647
6198
6842
5736
7295
20388
4084
11960
69
20036
7177
22386
17526
20600
4035
9110
17228
6846
16184
20158
3921
21489
20791
18573
4470
14083
19739
6954
8535
2096
391
739
21879
10246
22259
12978
12102
18858
11677
5990
18721
3256
4808
2160
20589
1011
16851
3911
22127
7974
21310
11691
16296
20335
1969
3091
20632
4583
17381
14056
21477
8401
7723
8045
20224
4474
8633
10363
2854
11980
21272
213
11384
4895
456
12704
17480
4899
6895
1107
19002
4763
16977
7812
20857
18734
16097
2979
8505
2843
20245
8819
6263
19816
21546
742
6960
1025
21998
14090
18943
5439
7210
11612
19427
5134
15553
8643
15042
1467
5064
9324
14055
20741
2313
12167
3022
18796
918
5187
3612
2545
2341
319
15128
2219
5518
12482
7691
16932
502
17725
10383
8286
18491
12157
13564
9839
1381
14003
12199
21098
13168
2246
12940
10866
2992
3364
2594
15240
6316
720
16813
3579
13692
11088
5233
14354
10403
6859
690
12898
6183
17558
1542
3898
19190
18958
10344
8011
9867
16558
10037
7360
7380
4443
21374
7558
7525
21757
8842
6327
3048
3303
1266
1574
1057
10700
17523
19851
1097
6899
1020
5248
16812
5982
18387
21721
6893
21764
2565
17680
6230
19697
9709
15171
622
17491
6315
21221
6409
8572
16425
9060
16103
5660
11189
17476
6788
15053
14680
11563
4994
1826
19197
4650
15142
17884
22330
7932
2797
8540
2827
4305
4588
14112
11546
2813
20555
20341
11628
22085
2861
16337
13850
5073
4792
14199
20116
6741
387
1931
21662
14978
10685
10736
6839
1840
17456
18966
17792
16220
17047
16146
22427
7371
3676
10459
5281
8629
12349
13595
16995
2450
13300
11074
21243
21605
19091
5995
2008
8099
19970
20114
9420
14369
5361
5652
410
6293
12267
20022
17796
22025
10579
18767
10273
2510
4596
3861
8868
21337
19320
5854
19436
12474
8823
19539
12603
7899
12053
10880
11231
12058
6424
2068
21141
20054
5590
6414
5394
17516
3801
13311
16017
14276
8807
17942
13549
4730
22424
18700
18425
7234
12789
12512
6234
2110
20073
3049
7196
12737
17613
8336
19373
17671
16641
3331
19758
14077
13222
13253
2383
12757
1953
22251
5960
19082
18122
3029
22404
4518
8985
19594
15964
7627
9233
8893
16835
7866
11104
9018
5387
12457
2206
1418
19192
4847
17658
17542
6429
7016
4441
21038
18421
17045
22042
2259
17683
13327
6113
15647
19990
13471
22303
10429
17154
2078
9071
15505
21457
7287
18396
15673
8450
7524
2272
405
16279
16984
20781
8478
22439
18739
126
10948
4965
9449
12017
16794
16990
15934
14891
10581
5562
22306
20361
2874
3182
10205
16941
5220
21860
20162
5571
4864
11123
16887
2461
2377
9599
19556
3043
14461
22265
1094
16166
1623
5942
5412
3177
19551
2705
14830
17507
7659
2147
11108
10347
16604
3268
2117
15784
12601
21504
16736
15567
1569
13634
17555
8188
16556
6699
8675
12309
2749
16868
12489
14371
7384
13778
5730
5897
19207
878
15134
1861
21490
1004
20660
8381
17522
4222
8072
1443
16052
18894
11046
21426
19036
19911
17068
3082
8577
19841
133
2271
5695
1433
18735
22132
20638
4360
2710
14220
15537
8718
10578
18098
12639
15179
1665
10033
1428
1306
8225
2334
1692
4919
18831
13289
21346
2751
13729
6555
16434
16021
10636
7036
1494
16987
12423
4069
12698
12730
7418
9928
8974
8874
4743
4279
17945
10418
5920
16125
19380
21622
18778
14333
12671
21178
19316
19483
18007
7381
16131
17402
17083
6588
16270
3440
4786
21204
1592
21209
20566
4144
10365
5318
7800
11082
20689
22030
813
10094
11859
3129
120
4796
11446
11099
21207
2460
12050
6466
21206
19843
13325
18521
19979
7648
9506
15426
13316
4249
12954
18679
12350
13801
4373
19877
9827
6957
522
9096
19902
4432
5183
11427
11462
2851
12976
7008
18969
19776
6086
15511
17316
2135
20139
21570
19679
1959
10022
7029
19334
10201
10594
12250
21416
9113
10775
18939
3526
22400
12200
16308
7467
20210
22229
22130
18728
14216
9910
9384
6115
8304
19068
4605
14491
13390
15655
19263
11633
3262
21064
20031
4643
9681
2463
17939
2378
14804
9608
10603
222
8713
19658
17565
19862
13716
21238
226
12321
6261
10395
10724
11720
15488
7683
2140
7298
4194
4505
20790
15979
3751
17419
18334
1457
18910
5803
13211
17625
19092
10974
8827
14117
7421
4245
2552
2980
13873
4147
5692
20594
12624
21776
2464
7799
18050
16399
14123
9611
1707
13574
6680
2311
2074
17396
19808
21351
3274
6255
5598
9507
12856
19837
9601
16403
22293
758
7774
10973
12186
9583
2035
4559
12633
17878
16567
9850
8977
16086
19798
12238
10679
7166
2743
17229
20950
15935
15651
2145
13285
7936
7035
11640
4502
11455
2229
19885
325
21166
4970
3629
14662
20441
15692
17729
8253
10483
4429
8160
2131
3728
1927
11671
2389
1758
4063
917
15973
9761
863
4686
3074
15079
9736
6926
11179
17112
19782
10294
14082
8933
2997
20414
13958
13839
5426
7033
7310
9620
6344
12672
6956
16895
2399
3494
13718
12971
10584
1337
12405
6601
11352
19274
13899
20227
11389
11810
2004
15928
19980
15606
8516
9651
2417
20086
13530
18105
14005
3473
11948
16614
8279
7365
10740
4757
3156
12190
17128
6348
11415
18583
1391
19881
7731
10122
14777
8004
8443
17328
14887
15801
11177
20699
5586
15734
962
17842
13581
13238
1001
11603
19109
3211
655
2159
7461
504
6643
20881
12444
11963
15430
15447
15572
3887
13029
17545
12937
4416
11321
22241
21840
16547
3555
8719
15502
6795
21598
5292
20683
19732
22075
21468
9819
22056
2057
16147
17369
18911
11117
19868
17804
10044
9952
6190
10864
15342
21739
11988
8878
1437
7568
8145
20716
19819
10348
3922
420
19212
17554
12481
3394
2162
548
15258
6874
4001
10287
19781
15022
21826
5356
12819
306
10786
19624
6665
15313
10377
19177
6324
14497
767
8277
18564
16087
10439
11034
3843
10110
11735
6011
12470
11036
16927
21280
1241
17357
10068
21583
4496
7042
1375
15403
43
7658
20458
11698
1917
22380
16492
10890
12176
19386
12288
15682
16816
21398
21846
19652
22076
10865
10886
11343
21985
9826
10496
8717
6013
18976
20445
20604
16664
17961
17202
9715
19621
6499
4630
21053
6045
16879
14495
142
1504
9740
8492
10778
19623
13480
17951
18884
13775
18833
19503
14024
17995
8764
12084
15477
21182
8524
11732
7553
859
18841
2761
8993
536
4184
12934
9332
19610
6071
1213
8221
7354
17176
9977
19671
7262
3117
2508
8918
159
18664
18866
21787
18262
15265
5345
3393
21339
7585
18158
4019
10792
8962
5865
22458
9898
6993
10306
8822
17318
7125
2686
21338
9576
20015
4095
18765
9304
1291
14768
17057
6388
12485
7438
8061
8041
16179
18307
18015
1283
13134
3362
20969
187
4131
15075
20243
12365
13543
6015
22228
6975
1419
15467
715
19474
1282
1934
13503
2655
5353
11230
6616
12892
7332
17453
4506
3816
37
5333
1252
13112
6929
18410
14402
3576
11648
1724
16974
9610
13362
13245
21012
15983
20364
18819
4179
3263
18919
7390
9348
157
10139
14225
12597
6145
13795
347
15532
6248
17137
743
18390
18054
6101
10379
21855
14049
11181
1889
18951
17994
12333
13796
6690
13003
11534
2015
7930
2665
2014
20866
10878
10501
2495
2732
3418
22444
9222
17771
9794
11981
9654
1408
17212
11443
19119
14666
7760
20248
19648
4382
22419
382
17058
183
7797
5811
19346
2041
19494
12112
11289
14643
4137
13509
13866
5753
14448
10702
18972
7099
21885
7200
20183
12032
18993
12801
2236
6103
14629
21550
7796
21371
8149
2036
2955
14074
22322
13740
762
7793
1717
13975
3479
6133
11946
21001
6337
8986
1331
4358
19044
22187
2573
18448
16880
479
18656
20513
16973
15300
16040
17509
13383
6297
10926
20654
13193
7684
20738
1024
21157
13287
12152
11172
630
2938
16921
3160
3416
2842
182
12044
3819
15856
3071
22397
9437
4661
8219
16392
14811
21473
3588
18698
9430
12739
9949
8803
22443
10048
18690
8000
2025
18470
685
2124
7364
1964
13515
17232
12414
11571
18187
2812
9976
17632
1127
9239
13684
7114
21707
16355
7584
2138
20838
3335
18075
22156
8442
14317
4246
19718
1422
364
11439
4601
9441
831
19023
17682
18987
248
19326
18677
20478
22369
18141
4285
5448
5432
15863
6566
21367
22278
17243
14712
9919
18021
9784
16805
1517
13670
11934
21460
14027
4872
17014
3304
9035
5867
16646
10430
16034
20863
15807
14009
13782
2274
13835
21672
21061
1611
21685
10820
18462
13882
21430
8616
17753
1139
4843
5744
17697
11589
5689
5916
5227
19650
19657
14507
18465
3826
20839
16427
13680
14308
20200
5834
452
9783
999
1017
15431
12837
3171
12498
2148
11040
8209
9248
16136
4328
538
19640
6546
7355
8321
10503
1274
11550
241
17194
18357
1595
5835
1053
20322
5379
1179
1131
300
20780
13114
13506
13423
10062
8602
4323
17340
15755
10060
17299
1957
12586
12558
10394
15913
2103
2244
7383
16885
6807
9414
5282
15049
9639
1063
2673
19034
19867
19418
5017
10829
21961
13419
10562
4779
19272
16650
5843
49
19777
13941
1554
417
14837
8955
11319
20510
4228
22333
20281
4028
46
17791
20187
7272
8400
12743
13179
3509
1077
13998
22282
22045
14107
15433
9080
16637
6823
7704
9904
9558
2639
18519
5859
19134
14428
19569
8987
15354
6819
19512
2684
6238
14760
19706
16291
8239
15102
17889
6347
3434
16431
5000
13164
19563
6052
5428
698
21680
16054
12628
14132
2024
10757
8198
14392
9653
6774
11895
22151
6373
20836
293
10046
4552
22379
10914
15985
19045
11500
7854
8245
16543
15547
3382
19259
6338
12813
5631
19890
12222
1286
3856
888
709
454
14192
16031
15696
4368
7304
4689
11789
21226
7017
5422
18503
9347
5366
12124
21643
13858
5517
7248
14229
17751
19008
18512
17811
17073
14403
2482
4451
10040
1389
12020
20165
5228
3577
6962
8447
11199
19277
15707
6942
18285
19441
10327
14207
11344
2781
3760
7896
10275
22035
11509
13665
21418
7921
18600
6102
10129
19430
17906
21608
16299
12873
20545
4472
15285
7703
16970
20911
20940
20680
15797
524
10238
3845
9052
6729
9727
16192
22376
6818
13600
21440
15267
2730
16866
6810
18627
16212
18060
14094
10095
173
481
1880
6584
22460
16005
11102
4523
5396
9377
10654
14519
21065
21335
17007
11725
12984
793
10504
7984
20117
3187
930
9218
21282
7588
12751
15781
10117
5858
4233
12682
19806
18168
5946
9988
21180
8646
210
6213
15816
7050
11342
1850
3809
14151
14685
11592
15634
11468
19032
3090
17993
1539
20019
1654
5921
5156
5653
15437
10834
10328
17502
20601
13458
6536
7065
17535
19733
17464
5124
18394
18615
2651
9274
4488
18906
2284
1761
684
2187
14856
1372
7068
7609
15475
10781
14088
14753
2201
1248
21646
21192
3095
19129
14147
5822
14293
15115
17553
3257
1076
9843
11140
13165
18348
8342
15124
20824
11318
16211
20239
20692
7165
12081
7122
7951
12261
1015
10405
21988
18368
20096
14906
17488
5603
5403
8791
6264
9682
9597
20373
6526
19489
20886
7967
5312
10047
8846
9281
16113
15425
19700
15812
18288
1742
10577
14707
7194
98
18355
103
3442
6925
16908
13071
47
13116
20067
2248
4930
12374
554
14874
21551
6319
4646
18126
6587
5458
6688
8309
15391
14332
11061
17644
13578
7452
17510
15146
2941
13352
15831
20875
20502
16222
13568
12448
5211
3549
21978
73
17271
11885
13535
18078
5565
15323
11921
1636
308
14057
6433
19844
15262
15114
15593
15941
8775
9525
6715
710
8476
11778
17581
17153
22019
1586
10738
8735
19491
17547
15887
6771
17323
14710
19653
3636
16922
17356
21054
4882
1515
3707
4710
5231
20062
20578
10538
17309
21163
7522
8665
3894
4227
15250
17724
19075
13122
3140
1588
18502
3287
16508
17439
3155
13290
1427
4216
21853
19086
19696
3559
4948
8747
2968
17784
2725
11207
8466
16357
11457
7542
6608
150
5755
17762
5934
10799
14209
13707
13392
14723
16375
20612
10541
16966
21214
13813
13154
4629
13690
12214
15607
19952
6719
8529
2211
1508
8855
203
19115
7852
12314
3380
18808
10024
12506
17821
20898
20228
1859
21254
10244
10250
1903
7706
9412
18722
13364
17115
6217
10057
9710
6908
2007
8852
15906
7944
623
10146
11339
18682
9330
5855
19
12096
1350
7145
7450
2822
20337
16400
20576
18977
17475
13189
1796
16447
2476
4286
10576
20395
11536
19303
8760
9106
10370
7171
22391
20501
141
