8849
16546
9866
15999
6681
7552
14594
6514
6127
21609
21552
17711
1079
8704
6105
21298
14195
16266
21794
18652
9909
19801
21795
13847
21854
13330
16162
7748
22269
1420
416
10990
5708
2012
15256
644
21414
21089
1284
14737
16025
21158
14430
7993
3444
20171
13000
17676
5523
5368
493
14781
17712
9303
18626
14656
6879
15444
21730
18406
11718
21874
6733
17322
4263
2556
16461
21706
7988
6905
20887
16842
598
11586
1490
8034
20145
5133
11094
10441
11219
17017
14614
2728
16318
20894
12611
12910
1100
21411
18803
17049
6434
20873
13180
7831
531
9150
13589
169
14977
10455
11554
4665
4124
19674
18354
1737
4364
7507
17785
16204
6021
1677
21306
19235
1715
17857
4791
5222
6636
18565
19485
10067
14993
5154
17139
8334
4916
5643
8092
21321
9185
1514
985
28
1415
20453
5081
13358
3383
11470
19254
2887
20233
7344
12811
11222
11914
7482
2309
11779
3803
18824
4623
10892
9711
8
9397
22307
849
2093
1756
13592
7667
6575
15968
9989
15277
16310
17029
1581
2879
6437
21634
18046
21727
6000
12568
21003
21271
4014
10790
4697
7987
3758
9865
9734
11689
3714
8661
12026
7277
15789
12312
19219
17152
9640
21002
17903
8899
13308
10165
12938
15034
17390
21596
11026
12753
12680
678
17617
13449
16380
6024
13438
16281
974
20340
10189
7185
6790
17123
7505
1171
18321
11891
5180
16756
16297
10242
15083
8340
5924
7681
11838
4932
11284
22046
11739
11257
15204
12687
12127
10540
17082
20882
11333
3406
3772
7504
14654
7832
6177
6561
8040
21893
8213
20107
8081
2756
3724
8323
16418
22063
10928
9215
12030
3506
7280
22273
1678
19188
17557
93
9888
14446
14583
16066
20333
13108
9864
5902
22324
15094
15916
18211
14684
19469
3851
6640
6809
4868
3003
14907
17822
18988
18702
17770
12447
13271
5172
381
4403
19802
11800
11398
9226
1935
20850
949
11835
17761
4927
4324
1285
10516
18027
771
4299
10055
8873
9607
14177
17364
5164
12612
13126
19535
20591
3961
21805
658
3886
373
19601
18134
6979
12275
17342
958
17278
16784
11722
2139
13838
2917
21503
2860
8356
7202
2769
140
6274
6873
12517
2254
7342
19338
1555
21777
12733
3944
13938
10312
14215
15190
17173
1562
16118
972
5594
19688
10130
1712
11581
2128
21564
4177
19397
4759
13883
19345
1930
19201
8121
16046
4762
11930
16576
4537
7479
10111
22172
12818
5148
11124
13978
6523
16584
9089
21565
13296
17465
15424
15270
9534
14200
938
5103
20023
16617
18646
12951
15946
3596
21082
683
13337
9509
17894
20381
15482
1343
19488
4631
20721
9216
10838
3358
12863
17774
21587
5657
7849
6553
12782
21108
2569
4180
2028
20147
7307
19629
13407
14935
4247
14422
6611
17647
16126
20306
12197
7164
21999
8464
19976
2618
5331
12741
5712
18836
6284
9862
3294
4548
3053
9100
5913
1042
17195
5197
14269
11773
13320
22064
1651
1038
8711
1784
11447
4458
11584
7730
4396
11793
16661
13111
7629
5251
3060
826
10401
1352
5883
8699
19925
3170
5246
1597
9405
778
21296
13335
20346
21369
18740
15780
12816
21579
22402
10710
17868
17131
1962
16781
76
8784
3166
18753
13777
3725
17207
14621
17541
22382
13442
5141
20078
11595
21852
13348
7740
4316
11478
19392
21431
6229
2658
21522
2798
19914
3238
17714
20204
20292
22149
10489
13845
20732
11941
7299
21970
4148
4510
7401
13900
2143
8571
628
12172
9341
2690
19644
1510
10816
2943
1601
1203
12291
16169
5838
11017
15752
15203
2168
7717
13379
5958
15905
10921
6289
7546
9832
11070
86
12723
9854
16713
4093
18733
14120
1487
3085
7599
3812
5620
10042
17067
17808
12253
16733
4166
11832
396
3983
953
676
1870
21886
5950
1836
15014
1873
2936
12422
8739
3323
8706
22232
9863
18246
4139
12765
3359
10900
16640
12342
15855
20711
20867
8889
15751
12921
5059
9426
773
1436
17665
16923
3402
5898
18915
12233
16894
7575
14647
9246
21651
11887
3088
6155
15681
21688
19229
20557
13427
3774
22093
14498
14347
13117
12210
18867
18499
9556
7214
18535
11660
11024
1069
11641
15428
12857
19006
1346
7284
312
6463
9422
13618
11561
2657
20999
20288
5965
15925
4810
14314
15569
6716
4850
11262
15148
13819
654
20573
20330
18195
1085
14563
9804
3850
13051
12004
3931
19238
15770
18989
12339
13387
12051
4824
17757
20437
6148
7875
16248
4079
15349
16981
21412
3344
3019
6240
21769
7147
8730
19078
21263
1197
8541
20190
11878
5545
22083
8875
13732
16517
17949
17306
10073
9701
7278
16145
17433
9524
10613
13288
3264
1820
13554
12983
19484
11225
19995
14532
9092
10537
7077
462
6187
619
14964
7274
17595
2130
5766
18732
17269
1435
12941
8315
21124
11854
4411
5515
12173
3815
14394
18341
5771
13963
5425
21835
545
17718
20127
7414
5095
14916
6037
175
18156
475
16240
12986
2737
10185
20585
12220
1344
12307
14042
15361
2371
16886
18444
21247
11764
15731
19290
15366
19668
3293
7131
174
17006
10064
3622
3326
11751
5498
6126
10144
12505
16477
11811
9184
9186
11866
9814
12998
3510
11133
15242
22384
20384
261
8284
15108
12620
13374
6683
7815
1067
10485
17363
18715
9726
4815
22142
7249
2966
15178
16935
4026
20656
9688
16967
14698
17716
10373
4410
11445
16494
292
14281
21908
18256
3122
8758
14642
5332
14884
9771
14331
7439
18279
9971
9655
22451
853
13996
9791
11906
2069
2189
9068
21406
4327
21585
17861
5413
6737
14163
16588
14103
18345
7960
3538
5541
143
5462
13713
16747
12689
19296
14892
16582
14441
20391
6093
22137
12
19156
6928
3258
18352
2194
16446
13230
16045
14863
19490
12634
7686
947
3822
13857
18843
1818
9393
8919
6415
17380
704
19374
11743
6841
10704
645
13979
9443
18299
9451
18290
19253
1253
8461
9613
13811
13604
13585
12384
10929
4294
15051
10495
10295
17929
3351
13412
19568
2266
1714
4593
11961
923
19940
10317
13842
2706
9064
5593
214
12697
16026
21217
10871
21816
8597
14026
443
17652
15529
8996
18863
8427
6188
13018
17763
6966
6237
1816
9413
12497
7392
4154
12920
415
870
21834
19899
7650
16495
4941
17506
3776
18231
10021
21333
9477
10069
576
17188
18381
10266
5966
1664
6106
21293
5549
2122
12834
12439
8924
21701
2951
208
8307
5181
8448
20686
21299
17255
21714
20788
17084
18197
15853
7306
131
11570
20424
1764
6939
20255
1792
18031
12784
20454
9942
4581
13135
3245
21101
17184
10671
22292
21560
20971
18660
1217
20952
2801
3531
1667
1673
12962
11931
6672
18881
5330
15587
3527
15795
11556
10583
749
4436
7946
19142
10989
9311
18044
3350
8497
8297
13269
2240
15796
8824
5380
22415
1922
2513
21449
12367
6707
15360
5901
9191
5125
5794
16632
19857
15080
13696
876
929
19604
12049
9401
78
16710
14894
4960
20209
17513
22021
1355
4979
5667
11638
15573
8839
22247
13956
14522
21352
10071
17291
17256
16936
20124
11965
13220
22071
18148
12234
14012
612
2780
12560
8391
7829
19393
10807
4525
12341
9444
22321
4636
8915
10200
6871
14374
433
250
6455
22284
19842
20851
8171
13674
12626
9931
1596
8686
21983
523
12278
16522
8867
21476
5732
3201
20635
9298
17449
10987
14729
5449
4421
10233
7494
3799
14359
3459
1414
9380
14230
2643
5666
21331
7533
4032
18003
2362
2793
12623
11821
16525
13803
9906
5928
9154
18388
14162
5676
17107
3837
19108
5984
8564
3716
8193
9195
22206
21615
13894
21276
1006
19162
668
20877
4202
10661
6385
14923
5850
1862
13376
1550
6439
12164
2473
17888
18041
7417
11493
1090
5002
7366
17593
16274
21968
998
17900
22034
9800
6757
2262
17559
1092
13510
12110
7389
8332
11578
6814
8649
14572
8463
6638
22367
6865
634
10965
19845
16247
6269
1164
14620
7922
8485
11783
19907
20044
8647
16542
17224
12577
11418
1657
19727
3637
22167
13259
14029
19999
651
3312
8552
11763
17696
21265
9680
5079
20088
8785
1833
10338
12211
8393
7201
18058
14610
9340
18076
3960
19301
5722
9458
19318
3942
2376
19627
21839
17015
20777
18890
14202
6006
10450
15588
8051
4156
15996
9703
16374
15604
19426
10301
15284
1335
6963
6517
8276
18584
3468
5012
561
3446
15640
10823
6776
10417
21941
971
2872
16189
20317
17788
21379
12336
1035
22345
22456
1523
16691
10873
15000
7692
18142
17330
14543
21647
2295
7256
9012
10460
3827
11926
16057
18485
10326
21127
21716
8560
17227
17862
20111
20640
4538
6335
1449
16372
834
21571
22462
8200
19153
3144
8472
4056
5737
15331
6036
16341
275
15434
4258
10382
8214
1397
12499
3854
2353
5468
3548
18404
1029
21742
9516
19325
11299
18865
6955
8369
16345
15390
13105
16268
15762
17911
16518
19910
5837
8850
16591
2116
11261
17118
19106
12094
17280
12968
17747
6705
4417
9278
4352
20011
5084
16912
17927
9872
1519
15997
12952
3795
3341
3055
16674
10856
1915
3332
418
19389
2111
7407
9876
11069
16312
17225
6401
6372
18847
10161
8668
12270
10902
20235
13031
92
5442
5346
3352
17132
8479
5435
14645
4624
14915
13672
17872
19278
5935
4875
11276
18885
7555
9965
5604
14990
18383
4398
6138
5738
21950
11001
21308
10691
15605
19381
16024
18576
4220
19821
5119
20830
6026
8457
7230
4619
1723
1958
15286
9295
3841
6028
10313
3076
15027
7980
3041
14967
16199
7865
10226
2757
1881
10642
18330
14927
11048
18528
9587
13040
4408
3727
21620
17185
3500
15566
3186
6418
16893
20508
7840
3316
6887
3059
118
7411
17844
7728
13923
15133
14535
20874
1899
19566
20569
10127
14779
11750
18437
21933
3132
814
13622
5745
11858
18182
22341
16649
4365
17104
11853
10480
8683
8432
18151
11839
1491
21827
15282
8175
10272
16529
4673
6360
17311
7572
11790
17892
1072
7261
15787
10052
6375
19966
12430
7900
20596
3346
12546
18751
14797
8900
2141
411
7025
19291
17975
19395
17946
18377
22431
3112
7772
15486
10388
7758
4845
20051
6595
14651
10011
17481
15671
21249
11129
6708
4264
3371
2589
3028
5378
14855
419
13410
11869
14914
8475
19687
17520
15320
18763
18699
21818
15302
6796
1232
8083
11767
18716
9054
14022
14046
18555
19968
5245
21783
15702
9484
8423
17561
15398
18414
19619
11705
11029
18738
19790
5701
8964
12475
10255
13603
7820
1767
9991
15792
15598
15652
20570
12781
6739
8635
21084
11772
11474
13359
7079
7583
5743
3296
14131
14553
16200
17737
3685
20432
17759
18364
18736
18154
7782
7842
22018
2791
3114
21700
5223
16435
14687
15741
14362
16486
18522
1233
3557
11692
3962
12398
3169
8931
15811
20608
489
9921
21607
15589
19171
17587
8429
13711
20181
5739
2221
5624
10162
15429
9353
4936
14564
1986
4121
10456
2046
15900
14806
14037
2630
6159
14298
16804
10565
4639
19638
6377
20464
12535
3700
5474
10570
1662
8093
3907
14236
20977
10635
6890
941
11076
2406
9286
857
7808
6131
1362
15119
18788
1301
21474
14829
8808
13186
12494
22055
20267
16834
11613
11396
18029
3409
8343
6354
9391
4722
13011
19532
13249
22447
21617
9026
21198
506
4157
19613
2144
5043
18175
16675
6309
6123
13133
5789
21197
9686
19234
15389
6564
6480
13968
1928
17165
4126
6759
11386
22326
19939
5671
18494
4524
5178
3017
13260
11486
8703
10036
14965
17179
2375
8806
3209
11766
2789
5153
10787
14982
19157
4355
5472
19185
11052
4490
16320
2590
15438
5991
4533
1152
19088
14771
13714
9114
6816
2118
7469
17210
15891
1916
17413
5273
19479
17746
11863
272
451
17109
18845
11539
4455
9502
17743
8016
13473
19788
22096
20993
5139
969
7053
425
7881
6417
16168
4223
16068
12662
6057
21397
5827
5729
21711
9929
4594
13088
13523
13936
18731
6379
12009
4881
9027
11281
3283
3982
7492
12649
1115
2393
16964
15758
16597
16598
10413
4066
18373
13916
20709
5527
4033
2561
3214
15688
3978
17218
8020
14786
5758
20475
404
8368
20222
13623
4522
20366
2267
18366
4700
1062
13023
2871
17915
3014
17435
4642
5423
12369
1571
14523
21472
633
6574
10398
20834
12839
3399
22113
8799
18551
4459
17896
12525
11286
17379
21965
17653
9040
2735
10659
1932
18405
21724
11197
2537
15499
9964
9778
20010
11018
9247
17052
4268
344
18914
9679
9629
15981
20767
10647
6272
2489
8908
11028
58
2458
4618
13188
11701
17018
18781
4104
6428
5649
21801
12215
3888
8397
9201
13207
16745
13089
10378
11008
3925
16219
6577
12428
18676
7901
9167
16190
6034
19287
17749
10739
20726
20382
10517
1104
11591
4485
1299
7481
4374
9513
5091
7430
13195
17313
18595
15363
15746
4608
10982
13481
22069
12795
10342
184
22141
3739
8184
7579
15885
8105
13843
18278
2598
9178
9073
10656
12292
4251
10664
3254
15710
17440
18691
17621
6352
21875
19043
22050
14644
2339
15375
8741
809
18332
18178
9908
251
1185
21381
7902
2995
446
6033
18323
18741
21092
5860
11951
16333
12717
14744
15062
1801
20061
1255
17519
19348
13417
19605
3566
12184
22184
6833
201
10514
8682
14419
21410
3755
7770
6872
3365
8481
2465
2581
16104
4770
5573
22223
136
2457
6256
10999
16528
15091
13181
19450
21558
21698
9588
11707
926
14954
22412
11993
2154
14158
6549
541
9429
9272
7141
3633
8066
7769
18165
3594
21051
13393
15105
19249
455
14007
7019
16872
2294
16684
15293
3659
13305
500
3715
19577
3220
8021
11508
13701
18669
952
3324
4859
21673
10323
1769
4149
12627
18616
8161
7649
13907
161
10847
14615
10229
12878
5418
5756
14517
20467
13981
2916
5522
10
17575
3923
10938
18386
10278
4320
15723
13158
6751
3162
18898
4834
2907
13749
14114
532
16788
20648
5727
10513
2157
19559
12217
13192
6586
21592
20793
4340
17923
5507
5558
7051
13266
6485
14214
15993
19977
5400
7521
18960
20507
10374
15492
8013
17418
16690
7169
1376
18212
16305
20350
11278
2302
18752
15834
9650
5085
10296
11085
6656
20614
19834
8634
7372
13954
2807
8997
17767
17345
4748
21076
21469
9098
549
9767
1637
7557
22465
6283
80
15161
14756
9648
21864
2828
10563
2447
18132
17487
15136
13169
6627
16485
16396
1646
984
9749
11572
3002
18329
5026
13457
19869
4591
2277
348
20325
7449
22036
7489
5937
4212
9630
9250
22221
21261
10197
21288
2616
15474
14757
5528
9833
12223
15866
4585
5009
15251
10607
3873
1951
9057
15413
20979
20690
13518
4282
12659
8610
8940
17016
21359
352
21661
10464
9327
20747
21653
18022
22054
13345
21024
13867
7352
21326
5682
15166
8235
14406
4513
16929
139
2713
2392
5042
819
14217
19611
2400
10817
14375
20237
21953
1579
21869
3235
3876
18709
21667
18875
10349
1867
13547
10893
16144
372
11304
15089
9387
9236
5644
9467
22107
15484
20386
13972
4731
135
19585
12294
17551
5638
198
5234
6964
5170
18628
1558
17708
15747
5809
7999
5169
10277
3847
18445
10390
21447
21370
2243
13964
3101
10115
4627
22387
22360
18328
21119
21125
450
3750
6146
19720
5749
7465
15415
5275
11656
14266
12318
4054
20030
18675
19991
16450
6531
5786
3216
13162
9357
22016
9547
11330
15266
20231
19784
10176
13073
7561
8830
13498
1868
10867
3916
12763
17331
258
7286
4817
4197
5881
19154
12720
8708
15684
3587
2795
2155
11515
706
21107
15193
20219
20853
18592
16201
12429
15167
18037
19655
21553
20169
16739
13333
8444
9232
4241
20273
19087
8320
9259
18433
1430
9635
13647
8608
11807
1520
1492
996
13986
15497
14002
1180
6760
14820
6268
4566
10453
3069
3985
3266
12768
18596
6559
1336
8290
9312
1610
4703
19760
3421
13793
4366
15325
11312
366
4234
7020
20525
17568
17241
17430
20915
5483
17375
5308
14930
9137
9475
8714
13247
14910
17875
21905
18795
17539
17793
16294
8319
10472
14573
10644
11828
18643
777
10315
14749
2009
16088
21909
4997
6813
17302
13338
5625
20014
17810
18653
18417
17096
13594
17414
15526
2303
4454
19351
16537
7098
10722
3490
21067
21193
21056
9595
7327
13700
6048
19241
13219
7264
19048
5511
7861
15549
2462
7224
18726
15730
20893
5723
20085
18451
2448
2993
21017
15757
22287
18439
17233
5445
7443
11805
967
11220
219
7496
16656
10869
1154
5742
21531
9228
16078
10099
8441
2426
8069
12228
17059
9553
10031
6286
886
7405
18268
10243
7633
12722
12944
9075
17489
15689
4070
14639
20302
6520
4301
17405
16289
11717
11996
12170
4359
3099
12134
7455
18172
22150
11523
9293
5204
14512
9492
8623
11662
3057
21279
15273
21529
14582
20759
5537
13044
12327
10156
15036
13896
22246
21090
3698
18670
5305
8437
10356
2492
6880
14545
3627
19471
14315
1937
9345
20420
2775
9409
5191
825
19676
172
9474
8710
4988
22176
8173
21109
3693
14724
1920
7991
5726
12229
14251
13391
18479
1748
4652
2948
10247
18871
8861
13455
4013
21548
9205
17720
17044
1010
2967
10518
19804
409
13927
21128
12364
14586
3977
2177
423
7006
2321
10381
5359
6169
12888
6368
12797
3551
4645
6450
20353
965
18091
21670
18291
3387
9396
19150
9616
6976
8135
15013
10177
11521
5481
20579
7523
19363
19579
14700
16850
19694
19433
16334
19170
4231
3415
5659
817
16037
2829
10059
3113
22120
11271
7910
3181
16152
2745
9694
17970
16140
10375
13792
5849
14206
16227
8884
7038
2548
9790
6827
11303
13663
11109
9182
2770
9954
3467
4664
10653
18637
17268
20909
1543
20920
5552
11601
21808
16605
12290
16381
16462
17196
5783
4049
20344
9815
1794
1098
11205
13156
21996
13529
7382
973
5705
20177
12706
3503
3752
4990
18835
8273
8848
9135
17997
10985
932
7787
14108
11659
14747
20540
7191
2210
3640
255
1432
19822
10662
327
21935
1676
2432
5882
12406
422
21383
14648
10128
13656
21901
18817
15609
5034
4923
13765
5904
2576
9083
7863
13307
11844
22283
14145
11967
12683
20356
12262
15725
6662
11214
21481
2601
13621
22429
19814
340
9498
14121
17235
18453
21404
13644
7497
10045
15777
5651
21097
15423
7491
21075
19260
10631
12357
10254
16817
6016
19751
21520
2435
910
10940
18077
4613
8793
15092
3320
17294
8504
3109
5605
9666
10181
1687
12059
144
5044
10215
16679
638
17383
11596
9322
17552
24
10950
9985
1320
11679
2269
20558
9691
15175
7925
8076
8350
5677
22131
8575
11116
22454
4213
11044
17634
17661
5107
20208
20451
19565
3008
13037
6794
17794
16343
17775
2504
13144
5087
8801
20739
17367
21797
4659
14278
11381
2300
15765
8366
8310
4807
19283
2521
11032
17314
10712
20942
15727
14593
19905
22235
9091
12099
21402
2433
11754
4020
14384
2351
8079
3620
726
11788
7818
810
16154
21557
18398
6754
10471
18275
15157
6590
2551
1304
168
18391
14304
9758
12699
3357
21216
2702
14321
4637
9029
1609
4442
3179
2996
16335
18737
13033
3784
22350
20175
5430
19120
5940
9707
2540
6035
22353
5152
13545
17847
20050
9756
1902
7927
13493
17854
9472
21793
10397
1392
7624
6068
12504
866
12728
3210
7323
18486
9825
19584
21984
1191
17315
22418
276
15100
2742
7862
8458
15711
5004
13041
12947
8521
20403
21156
11221
10994
17077
1968
13367
14901
21350
21591
13490
3525
11353
7385
17533
19081
1967
15701
11817
11577
36
18630
4278
8783
11924
9841
3651
7092
20754
4336
15347
14738
4892
19237
14953
2888
19996
458
19161
4955
10137
13306
970
12758
8851
15496
19475
12914
4002
21535
13380
3893
15418
19570
15608
7597
42
320
12317
6650
2003
8655
821
13357
5216
13832
17745
14393
14876
11829
11438
22152
15803
13687
16715
286
5157
2891
13654
11010
19600
8031
10211
8583
3920
10719
5410
18238
2753
15536
558
12362
17766
17021
14635
19951
12691
4039
22357
19761
10756
17672
12787
13538
8412
1369
3704
19612
4658
6003
18033
20512
2568
1052
20125
21899
19766
7204
14004
12685
15522
1302
19680
3368
563
5293
4199
3635
12957
12870
10936
20998
3661
22114
18756
11792
16202
18657
9463
20122
1645
4704
11542
15011
6157
13409
788
2250
1781
19401
12258
11279
5540
12216
8426
843
21654
4865
639
8580
21199
5050
2494
21752
11876
1871
12943
19233
16665
7059
279
3042
10322
5130
16114
7637
12236
12769
8789
17102
8223
13025
3562
17795
16663
21074
564
4029
15028
13840
11171
14159
6965
15595
7559
5760
625
18838
8337
16822
13313
20958
22336
13579
7970
9838
6062
14867
20562
1137
14127
4230
16917
3680
11881
18961
7878
15665
21345
12652
15942
20572
18225
18236
16847
3986
18227
22017
20374
10074
19058
6252
607
20166
4539
5405
19755
9730
17515
5295
16717
19336
5328
20905
3946
16644
19104
7929
5709
9271
6394
14758
20448
18395
3662
13686
4424
11714
4667
14423
2090
21821
13402
5409
6150
15508
775
388
4555
20974
17351
12041
244
11558
11356
4238
6047
398
16
10881
5866
1251
10835
18780
2396
7376
15330
457
588
16871
7891
12090
1155
15733
3882
17580
13856
20436
9338
14672
4944
3771
2293
19797
4058
1923
16351
9088
11497
4059
14896
12133
15417
12754
2989
21532
5135
15650
22279
3193
243
20808
13548
12661
5243
6119
2717
6748
4837
13013
18048
2994
1725
21980
21159
18999
12136
8075
3950
11019
22203
17573
13301
2846
18210
12636
5028
5192
4925
19555
13560
9374
1526
14443
8939
19769
6341
10615
7246
13384
19047
17877
7179
15726
12566
13759
16353
519
1135
14376
4905
20321
2164
8022
8341
4896
1848
16861
7433
20205
10051
10879
15397
408
7402
3463
10164
8841
4161
8866
1340
21007
4080
2231
20926
35
12477
2906
13761
4904
7120
18834
2720
1506
12866
13683
15769
13502
12955
18610
10293
5829
7885
19887
15893
14986
18873
13082
1207
2039
14373
16638
8947
13677
7593
153
11167
3163
19960
13616
5140
21889
11974
14520
10112
2076
20749
13646
4702
8914
10343
15253
14800
22310
17277
3118
2408
11375
12510
2563
19661
253
13236
19709
15618
21537
12859
5846
11490
4479
5986
13904
3388
515
14087
33
5793
14433
3327
18254
18177
4101
18511
18274
15545
12744
19359
14187
294
12748
21162
16603
2866
18672
21029
18233
18378
10708
273
9309
9569
19057
3844
1878
2985
1561
6902
14826
6343
15002
13648
18557
9062
5476
14932
17800
8989
16883
18228
2839
3597
3652
15646
5693
12129
9376
18908
3572
4691
5161
9288
16826
19838
7623
19160
5661
8226
21638
19085
1477
842
7207
21161
7682
4928
12306
13760
17805
11837
15489
21201
13565
2834
14185
1407
2838
16430
9335
19971
18930
11713
9887
5263
7335
16913
13812
13404
18478
537
12410
13321
7874
18814
13451
14890
11169
4371
5201
837
10333
21865
9453
15722
6288
1385
12296
3710
6079
9079
15255
2263
19944
16821
8639
14345
15591
2763
20298
14991
20144
13816
5115
10410
16360
19828
22214
20274
5142
12637
8282
13161
18281
9251
15155
1196
19335
3634
2678
883
20339
13860
13913
3859
928
18593
21451
17616
14310
4520
9479
21515
10774
13377
10029
13974
9410
1178
9897
10763
8059
8832
13531
13090
20229
5519
18133
5062
18008
22165
5833
4266
18000
3486
20527
20058
8338
5334
6862
14501
1788
20565
20179
9811
18605
5080
7547
5438
12289
16628
17908
9508
2020
16451
605
17199
11206
16878
8705
1913
1288
2329
8856
2910
2649
14489
15247
17187
11011
6569
6882
7156
11452
2790
22139
2674
16156
17930
4088
4866
2880
20242
5788
14191
13066
6881
9308
4915
16856
1061
812
6440
9489
569
19736
19595
2963
13137
18070
691
17817
20355
14708
19313
18750
2853
4709
3654
2063
1679
8088
10222
11175
10158
4867
5971
14542
12848
17279
19300
19460
4135
12905
2288
7563
13069
15421
15869
12453
13145
4256
2453
22005
20320
483
16171
7241
18269
2953
1898
16757
17556
13613
8684
386
12736
4788
8627
20825
3756
21042
4972
6152
20966
20907
14019
2247
5599
20182
9372
10837
14299
12545
16205
3376
8834
8250
20647
2120
13664
10169
21862
12273
6087
1551
3877
11150
22108
21444
8809
14385
18113
16476
5617
2889
2332
473
19616
10507
10784
20016
12903
18272
5117
16621
3430
7149
18851
18403
1616
19586
7023
7110
7620
10353
3161
20622
16724
1575
16544
4181
194
2331
3208
21642
10830
13971
13315
21619
6635
15058
2251
19330
13468
16331
8538
5399
1379
9997
11845
1070
19100
4715
21687
4706
14064
2319
3239
5437
20417
19888
4929
19872
21006
15601
12803
12303
4123
15554
1423
2185
16020
15521
12585
1116
22038
15149
22238
21360
1403
17649
21743
8037
1002
12385
14510
15988
10971
975
13673
19230
13060
4004
16332
6532
5214
21099
18163
6194
1083
16123
17503
9788
5193
4009
3840
19831
7060
15798
1661
7186
7181
17688
17335
14567
14957
12847
5959
14474
20955
179
15198
9305
19098
15172
8782
15705
2070
8688
190
15380
17829
1961
3178
22285
8748
8272
13255
17002
4098
15118
19737
9007
8019
10896
5797
7321
17655
20541
13281
10758
12653
1754
17825
12559
4117
11428
12808
5592
2255
20408
7685
2949
6851
1892
22300
12543
3670
4951
20492
9101
18303
21597
9857
21859
3050
22368
9008
4861
6092
9385
20262
5384
11183
10285
5870
7811
9961
22441
9925
14831
8205
20712
21463
18663
8530
11621
21954
11919
5706
17143
12985
5697
11795
17368
2257
5815
11741
11893
17756
318
13159
9403
3378
8578
314
5265
6258
12251
11406
7242
22148
6304
14704
7031
12771
574
6529
15491
22432
13389
18360
1525
1371
10361
4589
19182
4102
19206
13710
9889
1114
3203
2519
21624
18018
14201
5956
14673
15740
7451
7676
4604
18055
5288
2867
5022
5790
7499
3926
22182
18562
12885
11385
12583
14499
3665
18859
14246
15099
2478
7046
8591
7300
12263
15516
5922
1056
3280
12824
9855
11997
8256
13876
15104
21052
1066
21589
8833
10592
20087
12346
8604
8562
9094
3224
4614
21480
5685
16610
16744
19916
19685
21039
7330
7857
19571
5877
7604
10561
4753
8084
19344
15778
16633
13448
9124
2207
16735
22459
5718
6090
2538
2053
18818
8950
6998
16409
21494
18215
11606
19065
5096
6981
10903
9058
15737
16423
15
3501
7283
6617
2320
18385
15624
13988
21746
10605
17095
20878
9998
16722
8722
6527
14051
14140
9738
5568
16009
13354
8721
11625
14634
15207
6637
6935
5175
10551
16963
14367
22053
8513
2709
20755
17832
6525
3244
6179
21641
14416
14336
10030
14566
19572
7328
16829
15244
20896
19452
17914
17826
15922
17563
13763
10699
8944
20425
9960
6801
9810
10406
14721
12473
18523
1475
12433
16364
12632
18540
13724
9168
7994
16489
3782
16837
17965
20123
13955
11599
1709
8410
3660
13933
7582
221
5831
22253
8383
21378
19764
14933
11216
5740
5358
9198
20211
12580
15614
3271
21656
2555
6800
11619
16230
3537
3492
18632
8428
4783
13820
14188
5696
12886
13094
14899
19309
7337
13980
16730
10212
16979
6143
4774
1262
3417
21628
22193
20944
6786
2733
6997
15924
16321
11243
5150
20484
2395
1688
6210
13047
3190
11309
10010
13299
20787
3152
14231
15978
7294
8179
9591
15138
7573
17614
1450
18130
3307
17134
18184
21336
15754
20155
8228
6081
6498
15493
3804
12715
13601
13373
10336
18242
17266
435
12360
9672
3593
2052
3516
19832
2197
1314
13136
13068
868
13035
6403
13070
20833
21939
5820
16187
17317
11337
4780
1732
4182
16654
14165
19506
8364
14395
9945
10015
13837
9500
19173
14130
4508
12033
21722
1239
2217
3936
3539
4298
11374
15832
12455
14196
10457
7316
9297
19199
18560
3435
4200
1055
19771
5286
3135
10735
4446
20908
1322
7301
15252
3232
22204
38
13910
6519
5419
14715
2975
3437
107
5336
12380
9941
20081
21171
4695
5554
20428
20989
16094
13394
796
9518
4952
5717
21919
18311
10567
11902
1442
12107
8090
7115
12882
8550
13444
12108
21415
5376
19449
21313
16833
18683
10821
14705
15875
19664
4766
19729
5078
22372
3860
14484
21625
988
6849
680
19223
2038
4841
4287
8662
15009
5182
11626
4138
2336
9090
5616
16102
17039
9702
21256
14827
8563
17282
15557
21045
13991
7270
7920
6585
21720
15319
8742
15274
2299
10729
19378
18136
12963
17189
13009
3259
1338
14080
6017
16064
22117
13113
2042
10681
17265
16906
10536
21888
21044
21770
5555
10358
6282
17463
12590
21465
6570
7334
9464
3119
13495
21018
232
2971
12827
20988
4933
18344
4526
13454
16377
15517
19114
8672
7397
10884
2982
1890
665
16110
3338
13201
11566
5008
18471
19262
11100
18864
5381
10572
18572
15471
8035
22048
21420
3165
19052
10845
429
22205
17681
13284
10612
11995
4937
9918
895
7915
274
17999
8510
4404
20154
20039
21340
1378
3373
14548
693
9570
12630
7124
19435
21316
11297
2401
20943
14208
20304
18695
14142
728
21230
15112
15269
17290
11528
1081
19143
4273
12539
3261
3508
13827
21362
14550
1498
18799
5534
12087
14854
21815
12933
7424
13817
21376
5195
16376
2704
14690
21134
4469
1530
21184
3419
12326
15212
82
20548
2883
9326
14494
13705
16342
11956
2726
4082
2691
21576
22254
15160
2249
828
20400
1941
17820
5979
10842
2054
17948
2667
20959
8951
20115
6310
17584
7064
17960
4460
20757
621
5704
4920
11847
13395
13519
5270
22395
15617
5397
18455
6971
6602
15691
8269
20748
22145
20272
8949
2859
10550
7898
6548
16185
3730
460
13685
14784
1398
13099
18520
18588
1424
8689
1675
15709
11940
1034
13433
6124
15047
22457
18757
19179
8435
11923
16920
16063
15125
19439
10133
21563
9130
13375
6824
7903
9145
16844
602
16792
1365
6903
7654
22320
22213
3461
15081
6117
14232
16961
4968
17365
12060
10107
12964
19472
3441
2322
2782
18032
4692
22270
4354
14465
8140
2988
3754
16827
14431
12242
22128
12676
4145
8588
2204
6697
11414
3284
8549
15278
12174
860
16044
15563
21452
9737
16164
1326
4449
12794
3617
20921
18476
20717
13756
13532
10136
22146
17458
4081
17496
12731
22231
19722
3106
9146
9880
8227
220
2002
16751
15077
1852
13240
10687
12867
17738
4073
6407
15514
1511
19342
21575
15890
15061
17462
18096
18019
21507
16378
21148
5452
6900
10796
21924
6468
16419
10320
8074
10901
20895
725
1143
10675
18582
12415
4491
8685
17709
19683
6679
10000
18489
4749
4335
9664
4982
10535
2935
21830
7737
19064
9966
23
12845
5576
10897
8163
7711
11770
8345
6856
14598
21285
4603
7302
14141
20311
5058
2437
11479
12427
15919
8892
18061
8726
6732
11192
15358
8836
4349
10709
11420
11141
2438
465
16459
7775
6761
13015
6080
7056
993
11006
13282
18579
3310
6430
10409
11144
12838
17011
8973
18292
21528
19825
3102
5357
12012
10637
1222
17913
11203
3583
653
22406
1472
8847
17689
13514
16670
19175
14069
9589
14970
13739
15597
17349
4321
15392
7318
19152
21220
15513
16561
14882
1671
5813
21386
67
18981
9763
19717
18400
3455
5810
8005
10951
2712
3943
18333
7819
19155
20727
6682
7538
12212
5602
14995
18466
7632
21070
9722
20411
1977
2529
1869
5321
19072
21478
19713
3607
5711
19482
11681
9913
3356
19480
11042
19497
9313
16424
18259
16624
7662
4143
9733
13620
15679
2357
21262
21283
7646
16504
14137
15971
20984
2225
12389
4647
4226
10748
11629
5595
2307
14410
10276
8694
1991
2633
14030
13046
4092
18140
1633
21719
4800
9402
18697
17910
14866
5520
17806
17758
401
225
19256
20903
21798
20264
1192
14616
19021
3321
6345
13032
17608
609
18811
6912
6692
5205
16382
10726
8379
17341
4168
520
8776
17917
18429
4778
14755
7518
4134
3753
991
269
6467
17679
17813
14146
931
2097
8779
19354
17797
19103
12919
8287
6515
19526
13593
11668
6647
13671
16244
581
21508
9821
11404
764
3260
4728
16058
12607
11841
13513
15564
4344
13115
22358
13878
21604
7232
20043
6493
880
10357
10125
12400
7639
14357
13110
9378
14636
855
10207
11435
16074
17731
7312
4835
16575
18199
15768
11450
4626
20611
9657
4891
1321
4669
13632
5261
12711
5278
11955
1644
16304
204
2291
9230
21138
12798
6860
20409
12246
18082
9365
11463
19763
7736
18506
20309
5365
20104
18458
10696
20623
19462
3236
503
25
9009
13129
7146
9886
11298
424
11395
8864
7345
20947
14871
17166
667
6120
10737
6448
16262
17732
1612
10502
9328
19656
5061
15268
6675
18625
15343
9147
1815
13717
19084
14434
10640
59
1238
12093
4745
17461
19807
15170
1446
21636
19040
14457
20461
20282
17654
14763
21425
18826
4353
7309
12750
12413
22271
9633
2799
2356
8796
16365
14979
18005
1307
4289
21726
12128
7918
12538
442
11666
13805
3686
17334
18829
14549
20057
6610
18347
5006
20809
7605
7714
898
13638
11590
2908
3565
18224
3087
75
15539
149
11883
13851
9517
6783
2766
1739
4820
8657
21526
13295
16943
21022
15931
8212
20802
13730
21973
18250
399
9805
3173
8195
16067
19883
13985
6511
16945
9538
15621
16830
7217
15356
2073
18857
15214
20294
2511
20090
12441
11120
1652
15487
7404
17735
22218
6861
11724
21405
13507
7182
15542
17108
18028
1856
3796
3124
10889
21737
10907
9615
5219
21715
15068
19716
3995
22051
14885
16785
11615
8102
1843
9708
18346
4545
10385
8946
16523
17624
21857
13614
19592
6475
5575
22388
7675
1167
12591
3958
1955
13397
20985
10219
8202
18150
12822
1447
4734
3255
21245
1972
19875
4133
6629
14193
22362
4348
1261
19431
14424
9381
12712
18137
10160
6019
5969
15685
14349
10931
18609
16704
12860
13191
8488
21836
16526
3121
14258
11723
10118
1172
22126
14810
5311
7199
11580
21876
16498
389
1663
1888
17097
10650
2520
11087
4862
20536
4610
9252
17272
428
1700
1341
6065
21602
16298
22297
18507
14877
21188
6226
4945
14311
8420
9993
17773
705
10754
1201
1309
16108
2062
15903
16530
12355
13880
3512
12194
10806
22061
14449
4363
8637
11322
21881
7665
20616
18668
15843
12231
10148
15227
13627
8370
18986
20800
1388
13130
4688
5816
16657
14924
15334
5213
4668
18239
2526
20651
20066
1088
6917
16497
8055
7643
18552
3012
12501
15024
16752
14244
16242
2440
13223
18968
7353
10151
20842
22043
8314
12189
3174
8433
14943
12529
8445
21650
16231
13355
16000
599
16914
16645
7836
7296
18263
17372
10906
5264
14463
4713
19848
6374
5669
20996
2425
7825
14556
18897
5774
15989
15772
13167
8998
9369
8108
1629
11275
15495
21330
17514
8885
21432
5272
3427
5607
21372
6670
19617
12179
6845
7844
6934
2777
11460
21831
8768
21228
15087
5776
11861
18102
13465
22195
1495
12931
13879
3145
636
19770
2648
9742
6170
11882
20449
16130
18013
4085
17722
8484
9317
16006
4155
12149
16571
14584
21278
18776
9598
7514
4295
8027
18944
8056
16314
10667
2346
5454
14849
10223
7432
5851
2765
1058
485
17385
18549
11400
5703
3151
20807
19110
20855
12800
3671
3276
22154
17001
8777
8774
15994
14674
18176
7255
18713
18157
11945
5238
14773
19299
12022
15050
18959
10744
5327
22325
21969
3928
11738
10764
5088
11937
17310
2234
13319
15927
4165
1019
13855
9902
18774
10877
14301
18442
671
1874
6460
18335
21872
16456
6223
17262
20129
12945
3237
1486
10870
10937
19029
18761
5679
21499
2079
9497
13953
1268
8406
13693
1073
4370
17899
18441
16070
6267
18510
20783
2264
12435
4902
16790
575
20852
10330
4435
4571
3180
19012
21091
21275
11694
4208
820
20263
195
9947
15911
21028
8390
11182
17005
6857
11868
22155
9999
18249
11649
6075
20642
2683
1105
14224
790
18160
4119
3511
14600
751
20629
21049
15176
13944
6025
22442
15498
16249
17642
7069
12655
14447
17499
3228
13563
7690
13277
16740
2803
2475
22249
4375
21294
18240
9162
17371
3035
7739
7786
15306
8007
21248
5521
1660
6242
14062
7674
15823
10100
6943
16881
3298
5978
18785
2169
1310
7517
6135
10684
19659
8030
6488
263
11646
13516
19986
9837
11357
8346
19073
10267
10009
1257
11053
6995
5279
2778
911
19981
17765
21958
11368
7386
3949
13107
6249
11610
13304
19895
20665
10026
9584
245
7693
12109
17124
16798
20532
13808
18057
19159
17412
20331
21040
14997
18687
8132
11682
1566
5941
20861
1059
22099
13965
9214
3658
10490
708
1250
8501
16439
21972
18042
7753
21363
3039
15065
20982
19813
19382
4384
1033
20065
19537
5005
20101
19443
823
21150
7039
6265
8156
9877
1060
852
19817
3301
2707
14922
735
2631
2694
18620
19917
12115
1659
15168
2911
7464
986
1975
9199
20684
2127
5341
15144
22098
8460
16651
951
20176
9510
5563
12345
16538
11505
11174
16581
19900
12582
5627
21364
10268
5415
22337
6461
4831
11513
14575
15790
16695
20301
17156
16946
5938
13050
19860
6623
14655
15457
9153
5976
3818
13788
288
4255
7223
1394
1990
19741
13699
19756
18680
20531
4310
4005
12610
850
21421
20323
13660
1348
3937
16327
18419
19442
7333
12340
21944
1254
801
6977
6921
700
18920
17677
21390
17534
2577
18095
12114
4572
18111
14559
19353
19467
5224
14048
11975
1805
20485
1736
10188
15555
1412
15873
9070
13217
19719
22078
7699
8470
21841
12796
16474
1009
14693
12471
4765
4981
9400
6808
8375
9482
20775
1384
13973
4829
7168
19464
15275
11820
1614
19882
12668
6560
20404
2786
5876
15461
13546
6985
17273
8642
12240
8116
5249
8816
11441
3967
11491
17736
946
19997
8114
8759
20004
9612
15955
8778
18243
838
18023
16416
20605
18877
9565
13372
14776
1984
17748
6709
8952
7074
12540
7338
16775
17283
3547
8032
19414
7942
19518
8923
14097
12206
3992
10096
1470
15779
11211
11195
2986
20491
15501
16836
2022
17879
19809
7040
12281
19915
14983
12975
19257
15998
6659
1272
18399
9621
1166
3811
19547
18125
2102
22088
15234
7322
20223
8144
11949
20884
11831
13310
13127
11283
9604
19596
20556
16157
2677
21304
18209
22192
7363
14626
20018
7587
17111
9899
2783
12436
11736
1778
10713
22411
8953
17276
1876
2681
12932
2660
10580
6110
11369
14070
19102
9868
10012
1672
1560
15504
13785
13171
20679
6458
11524
565
2213
19549
14514
4785
19323
15189
14081
1142
8270
11551
5674
10841
13349
18431
3618
2385
22393
17492
21691
2899
6668
16687
11371
6744
8415
9277
1216
17959
7571
13841
22354
17360
154
488
11077
22220
6711
3901
14445
21286
19096
12805
68
12295
6631
12046
6758
18923
4500
7495
12043
10628
20197
662
20821
5304
13666
805
7995
15860
19216
4550
6740
17885
9963
4250
21493
6336
14372
12532
15335
5853
6296
6630
8569
16911
13470
8757
8278
13864
10478
3643
21516
14728
16454
2560
18432
22339
11555
2330
11752
14676
10573
14126
10155
7738
14065
18411
21989
8942
8224
2067
30
4367
6911
642
640
6528
6305
8500
14613
5754
13764
11153
9568
4021
2005
9673
12791
4332
20945
3631
15880
2855
9051
20040
4681
12602
16390
4089
16671
20668
13799
19409
1386
3786
19988
13754
14569
9103
22377
18428
10848
13185
8702
6950
11311
17837
3325
413
19184
18179
13949
18004
11780
3217
2498
4638
15509
4577
11084
22409
15054
20230
14337
17444
6326
10545
6869
8927
9792
10465
16873
4622
15404
1075
14235
20150
2107
3172
1231
21063
19122
9292
5864
16259
11880
5817
2614
15520
6239
17080
10745
63
17270
4565
2731
1497
7636
16607
34
16077
5101
22468
19693
8378
2298
4006
677
9473
4918
1183
19786
9435
18331
18941
7592
16172
19789
4787
4983
4047
11520
11635
20918
10569
10527
10655
13890
498
10555
7140
13640
13615
6476
1800
16460
21455
21479
4849
2126
1787
19056
8917
10369
20100
20786
4512
10911
3817
9884
5792
12858
674
5579
2317
11653
7795
21655
7419
22308
9643
17260
21547
14980
17926
15715
16585
20410
14557
4322
17424
17140
15327
117
14750
11089
384
13008
22211
14568
16158
13605
6114
15333
12395
8692
6700
6537
5486
11106
7545
17013
12923
10076
20426
12064
19686
18302
3425
3605
54
13014
11636
14742
8438
15525
20753
1771
1911
12958
9573
14805
874
3288
14149
14306
19662
6042
16875
17675
3045
3413
12207
17494
17085
1952
6684
10389
9614
13087
18402
3929
1505
10470
8280
13797
19221
21165
2199
10832
3381
13826
2367
9798
21116
836
21819
21258
10597
8431
5909
17251
3505
4827
14318
17859
7868
9023
734
3789
1615
5675
9789
20207
14302
13662
20870
6944
21246
982
11107
11238
8882
6837
15575
17950
21873
9544
1897
20796
21825
19855
10868
3655
10683
14794
12551
16134
18443
4854
8693
9013
6212
17101
13138
17041
4412
17175
7435
13057
18812
10367
5240
1534
1845
10629
2129
331
16989
17246
19429
1023
19933
12718
10910
10508
15296
5429
6291
12434
97
2913
231
6624
20794
15805
19984
112
235
3767
16395
6400
8561
19293
20440
19724
1755
17211
1910
15848
3810
2637
15032
18658
19912
20397
547
16808
6254
12994
3736
21322
17028
5489
11237
2844
19356
4679
20655
798
1942
14500
16613
10438
15409
5434
5992
21380
1513
18574
6906
7611
15794
17486
16385
12770
18822
7589
3717
13318
10035
19901
4746
16700
978
12835
2962
2276
2845
15847
14380
4971
9131
21697
7965
16165
16452
8670
22452
11531
20351
12182
17657
16942
15991
2305
8771
15958
5235
9787
3947
6673
3824
16049
14342
22301
5818
1802
3667
18258
15776
17026
6250
10407
14287
4274
16412
15975
21521
14835
20134
5782
6582
3292
8959
22129
13197
17589
14067
7838
20471
19226
10863
9442
15636
10883
21181
11258
14078
18367
7679
15412
14017
9729
1841
4962
16215
20332
6306
20812
19126
7661
12282
3044
9840
8326
14912
16860
14421
8958
20063
15365
14454
20121
11979
15152
19847
11060
20149
5936
18229
17564
10077
7213
6027
171
1440
291
20479
14555
1048
11781
14288
146
18218
8967
14417
3575
4949
15016
17734
17406
1753
9020
7718
9406
16235
20238
7771
18248
14699
15583
9649
13943
12125
9932
14632
6821
27
12990
803
18967
22031
1900
3299
15015
15809
6840
8680
2223
4833
7707
2626
9912
21577
13024
111
8648
11856
4346
9093
5582
2522
9757
5039
12719
11156
3336
16732
3567
11748
11632
9806
20657
1682
8425
15518
15441
445
11358
10050
8207
7888
14627
4535
16662
4406
2381
13331
8525
444
3308
9529
15233
19972
18350
3137
12021
713
19517
6405
1160
11908
16061
12600
6241
11440
5974
10686
16810
16858
20685
7656
2287
19958
11552
1772
282
4037
9177
5347
22430
9491
13902
934
4261
5173
21320
18030
12237
13446
2984
18310
7516
7446
18319
18463
19864
17755
9785
16672
13078
14479
2836
2030
1333
17898
18635
2541
603
18106
2600
15336
8731
2398
13863
12259
11433
7445
8532
3515
9853
1147
939
2485
2412
7957
13030
13467
8085
3130
4582
9776
2191
5912
10854
20740
2017
20405
18271
7752
8459
476
12877
12205
20806
18807
16366
1838
19965
11051
14649
4215
14389
11202
18308
1995
17935
13028
17700
22255
13659
12268
2952
14268
14537
6061
20503
16600
6948
17594
16596
13921
14327
2066
7576
17493
2415
14118
7628
22281
5746
4617
7698
8404
3231
8399
1824
15556
8416
2810
7239
10421
15541
11920
13466
12132
11728
9285
18036
18570
492
1186
19210
16238
6161
20275
22425
1563
15966
12438
5832
21200
15460
166
19994
17664
8937
21292
16820
12274
844
18426
14238
22033
14504
5825
6609
4556
5319
4240
5056
10097
6883
15295
9076
10668
1608
2821
4877
1858
9770
18073
9704
5244
223
6165
17249
17992
5567
13715
5457
11935
353
19974
8436
8954
10248
10505
1541
16180
5888
17366
13818
16627
8110
18793
7640
1621
21562
19163
15546
12366
12029
16272
6657
5109
18297
6192
5041
8421
13440
11477
16991
18217
16789
2701
4771
7116
4580
12780
12117
10703
21126
5564
19130
20456
1570
7916
19046
17576
11002
19139
5136
8215
20077
5763
18490
8906
10163
6416
5791
20963
17471
14286
5102
20529
10028
21151
16589
17703
13475
20289
12388
4986
17482
6072
14418
19975
9267
20482
9280
14859
1669
17964
18547
3900
18509
15551
12265
18706
1030
5092
6381
15923
2915
3875
17451
9873
18117
16795
9148
13744
18504
19004
9158
7001
20038
2809
12764
8528
16384
12843
14483
893
16099
8331
11620
5256
9105
1463
8058
6970
15469
7747
10308
16916
14100
18185
7543
21187
11670
16481
17410
12201
20929
4708
19514
3720
7515
15048
14139
18784
6362
4797
12085
16512
4599
10032
2427
15915
18754
15610
19728
1289
11135
711
11607
14675
3831
20964
22272
1464
14552
18896
3273
1099
16711
12330
10147
11148
19116
18108
1684
14599
11091
18043
18505
13332
15693
1383
15071
20368
6108
14951
14732
13800
7594
359
20729
20195
8352
1655
5001
5493
3790
7126
8826
7030
3340
19167
6518
5145
10053
18830
10435
2755
1028
8518
21205
2675
4362
19453
15960
16468
12702
2835
4705
6870
6538
1528
16388
3998
5526
0
6789
18053
16634
5350
13474
17081
6877
22466
434
15836
12970
5757
17133
11690
11290
20160
14558
4162
18067
11489
1473
21218
13734
18119
18998
18430
4345
3709
14944
14437
14119
18650
16947
8388
11234
15902
15117
2672
9540
16859
19080
841
266
10494
13681
6008
18837
3656
10121
16583
16683
9795
17032
16440
19554
16899
21300
2748
4277
3528
17213
1295
1406
1546
19125
5830
6607
15628
5955
19878
84
18559
14378
2659
22257
13887
4244
8112
11328
9732
5621
17937
14976
22290
17245
1630
1603
211
3105
2919
21584
1240
21817
20733
5731
1770
21773
15456
7963
3807
8678
18365
20854
9219
21539
19294
8592
11159
16018
19180
17141
5291
9892
16135
15307
16959
21437
20530
5210
19866
6678
15452
11873
7085
12002
11511
13587
5190
17469
1580
20631
4170
9831
1488
1966
7118
11567
14263
13067
18282
17902
9390
19425
20184
8553
13868
3908
8264
3013
15012
14962
8172
5574
21868
14612
1496
17027
10524
8211
13708
8148
8244
4776
8756
1641
2804
16801
22169
4205
3825
629
1606
7425
4830
15864
12550
1804
7014
731
5239
2358
13746
617
19280
17615
15837
10332
11726
12793
20965
20103
18536
2800
19987
16338
769
4924
3125
15344
15829
1776
19561
16206
6051
20310
12584
3054
4055
15370
16652
2698
4683
11083
10689
8887
16669
13930
5747
10922
4272
15977
12664
22121
877
5917
12881
2661
17918
2606
9793
18101
16729
7211
18135
3872
11824
12554
17164
17205
1332
2923
16252
5630
21393
13298
21649
1150
8128
10728
17524
6831
15599
19339
16909
2050
8863
21574
6606
21601
6054
3443
22344
6209
5485
15001
4024
1163
7188
19615
7105
696
6484
5014
2310
8170
12891
17916
15852
8073
15898
21822
16402
5497
7856
21202
9698
22399
6215
9264
11522
7049
8645
3452
17467
21112
260
19169
11288
19105
5254
10715
8123
14994
17572
20413
12063
21295
177
17611
7167
950
18251
2542
4237
17361
10131
22225
53
18544
5018
9747
13836
5459
16931
2934
13250
748
17609
1982
17479
19829
11095
9085
795
9011
7805
16007
15623
13459
4326
13669
22163
18874
9536
15123
4482
2490
21736
19285
1728
2350
22060
20633
17666
17706
6002
4576
18081
22236
6456
13733
4801
20290
116
2227
15826
9824
19286
15578
14925
8414
553
13146
8982
8966
11098
16263
12260
18524
17717
17348
9781
5530
14021
14182
7292
4529
19681
19315
7238
2501
15029
21966
8818
3058
18849
15463
284
8194
16915
22258
15527
8491
10302
20378
18477
884
12710
17816
10304
19714
22323
13279
6216
11651
3015
12219
20891
14938
5090
8981
20074
3243
20628
2848
2932
14617
6988
6435
8259
4395
18435
9025
1082
3036
1522
7285
18493
13636
7788
616
4844
10239
2481
20194
8354
712
1821
21266
14324
3800
16383
12488
5536
9307
2689
3439
9454
16553
7554
447
11987
18667
16373
2928
20563
1949
16116
19675
18469
5584
5980
21692
8403
20871
13931
7560
16698
7395
6775
15226
11417
2095
15180
119
5349
11985
20055
15656
4308
1698
12826
21898
5389
20034
13430
3666
10964
22413
8181
13501
11023
14816
21699
2721
508
8039
4828
14952
13034
9157
9440
4823
4129
2283
18213
15318
16287
2629
21104
8723
6938
6300
17585
10765
8089
16579
20707
20268
14291
832
12431
453
8690
19903
6056
17500
6695
20098
7764
1157
20258
7877
19018
8493
10179
2722
13048
15059
13091
4733
11711
22095
3212
8063
7350
10310
2574
2582
20609
9411
14638
18640
4260
10645
2547
22356
11658
11335
3445
14184
11154
20551
1893
7580
20763
6186
5963
10311
21694
16659
15184
17222
15440
62
6868
265
9107
20910
9213
747
9249
10209
10531
6010
20549
20669
2369
11377
14589
11760
14625
8547
2627
8137
7853
914
21268
7954
6446
15162
6073
5306
7113
2363
1790
1456
15132
6180
3092
11476
3585
20069
13456
21695
13500
6974
16443
7858
12074
14023
1479
8880
21578
9593
14203
7215
8165
2729
20813
1444
18926
6462
7907
15817
21060
13221
1516
12508
14937
12008
15574
14767
4814
17980
11932
3519
14720
1810
4698
7814
17064
14124
19750
13061
7886
10955
7810
19321
16601
11812
22003
20517
3206
18933
6195
1236
9316
21456
13209
10660
19089
9061
11367
14968
7
9627
994
2428
5508
10184
867
5309
19094
12876
6941
16483
20434
7773
17701
4214
6431
9223
11346
7660
20960
18276
8003
18956
7027
7081
9193
8812
18152
11176
19099
20687
2184
11639
8605
11484
7331
13617
8480
8033
6367
8107
20296
2178
21461
12255
17200
15386
7339
11702
18685
7484
2000
18267
14807
8468
17333
21019
10750
22260
16173
14075
10589
11122
2587
12014
10623
14785
4467
12323
4150
21137
12363
1481
11272
12019
3157
21567
21842
9323
17450
8398
19244
10804
13810
19218
10676
20313
6235
3989
17638
2711
19035
4712
3096
4699
21014
10891
21387
12561
10625
14817
15324
966
9183
18138
1014
10791
13463
8167
22346
13628
15450
15455
10183
4492
9539
11012
20357
13905
4606
5274
2550
9950
21016
11168
18599
12335
5805
10934
8794
8728
10153
3869
19145
681
5533
12432
10167
11495
4931
19550
11325
16761
8046
16503
14470
4903
8296
7651
16196
6521
6259
10058
15173
4721
9699
8311
18144
6273
11434
4044
2500
12146
5242
7701
3025
22189
6579
5260
9329
2108
18020
5404
20327
14061
12304
20371
5670
21227
16117
10826
8701
12104
22009
716
15825
10217
16719
9668
6828
3011
15672
18363
1110
4175
7539
17853
8772
18161
12421
22288
5529
9459
8043
17962
17931
3348
3482
16949
3078
3249
18452
11647
5930
20006
15739
19149
20112
1399
5337
16271
13422
299
7727
12537
11196
18970
1260
12377
20890
18878
6924
20220
15443
5505
14091
14607
14226
22312
20072
19597
9122
11840
20017
4908
4521
3959
9535
14221
21502
12509
4898
20840
13405
15859
10983
271
16062
5728
18461
2718
12644
12277
8111
7137
2796
15774
5556
14387
14425
5613
8653
21717
5635
12904
14921
21682
13356
6542
724
847
1904
11874
8632
13016
6356
9245
20511
2289
18286
10619
5364
12528
20297
16178
16496
527
7267
163
19765
5371
20554
18644
354
6449
10486
9690
10920
20865
9221
3247
15088
1162
18526
7410
14818
1345
5781
10474
14432
14313
96
20126
18907
13952
20526
14050
6717
6153
12301
7935
6074
5262
21160
869
10975
8736
200
17651
4463
20021
6386
16150
1256
10876
17230
7913
20704
1411
570
22327
17498
19898
4564
11618
8192
15565
11270
19265
17286
12802
7317
4487
15669
19422
6753
1578
17285
5512
7947
19510
17298
11875
11907
15221
3582
9609
703
780
4940
9926
7544
8231
14438
5188
2032
11031
20520
15304
10263
10427
10086
9828
3684
21501
20761
10075
3545
19745
4146
1353
3927
12854
18940
1538
11664
5933
7387
11526
8829
12713
1908
9564
6221
573
1564
21413
13903
11458
14665
13081
11285
692
10265
87
11305
7598
21530
2652
18045
7172
1031
17303
21782
10159
13210
17827
16867
7577
20143
14355
15038
324
14588
12657
14066
16940
2180
11622
2876
21664
1361
17382
3571
15515
8289
21744
856
10872
2446
1395
414
2060
11027
21147
12297
15818
13231
7617
71
20476
19932
19211
5997
12688
13895
17061
12621
20737
16905
19059
5491
3391
10321
10602
7725
13830
12054
12571
9585
2688
14775
5067
17263
8853
5633
19787
19266
16714
2198
21959
740
19327
7883
12070
4802
13524
9427
6328
7073
1223
16217
7034
8377
17157
6076
19322
40
5765
765
15712
1757
15738
11101
20667
20678
14010
16339
162
7608
16783
10004
4890
14888
2579
20580
13461
19168
16706
10089
17607
4115
8725
20486
21115
4598
3079
1832
12596
6878
10587
11939
17819
16132
20674
1214
12299
4690
15040
6535
12862
10218
13512
22215
14460
12519
12466
792
14505
12156
17087
3603
358
3657
1102
17167
8511
727
13542
18339
14211
3721
21433
14879
19534
2061
13215
20701
14452
1405
303
9721
12865
21912
7672
3881
5367
4570
21111
15271
13926
17855
13143
19357
11706
13251
17259
6645
2772
21779
5680
21312
15559
14883
19288
8142
18980
16069
13743
14571
18059
3681
1363
5024
4680
9207
15888
21358
5841
21963
7190
14541
4878
15870
10170
18571
21916
1777
21633
5021
20109
17887
3536
6671
11247
10279
9799
1204
16352
15393
1471
4448
15101
11665
9234
2292
8294
5421
980
13770
10801
22090
2256
791
1174
9351
20082
7052
15235
22299
376
11559
18556
19013
11075
1812
13889
7245
3164
1208
18068
13347
2663
17702
11576
1729
11096
17193
21453
18374
17008
2226
4422
1954
19007
15217
309
21709
19009
1400
14752
1584
9344
4649
21762
830
13736
16944
18965
5892
9
18371
6495
6798
10768
1210
12118
2132
259
15369
4974
9361
16513
11529
16773
1416
17548
3980
6262
15305
17985
8322
12122
21945
1108
6508
440
4291
2343
8815
7746
11390
9468
20213
5957
6999
17034
3281
7187
13336
20705
7895
1158
2064
19164
12542
19684
14305
3422
22274
13464
5016
18546
10432
18313
10054
8844
21435
2826
21936
14819
20534
5185
3523
5313
18587
14528
3855
885
12660
12969
16771
10638
19227
7823
9478
19420
3202
979
12052
3369
6454
10473
5116
15582
14028
6663
10190
9600
3411
19468
18922
10355
89
13959
20002
13641
20662
900
313
1499
11132
21080
20946
4394
7657
18947
16855
2638
2441
12161
10103
1864
10193
4140
8430
11806
1358
5446
19255
17086
17648
7527
12788
22262
2716
1863
472
18104
21725
19360
12647
3734
11973
7973
14984
7762
4252
21009
1642
16797
5494
1382
6380
2808
10649
19328
6639
13566
11588
18324
9190
20473
8203
5609
12705
6778
5779
1474
1176
18889
22394
18191
6509
16253
14717
468
20583
2182
11007
8673
17136
4666
1229
278
3159
717
1347
21289
16925
1762
19811
9533
10935
12191
16429
11991
9139
4752
17043
21906
4052
7084
18312
4008
12927
12604
16307
17643
8904
22199
7176
17932
21429
17809
17146
5824
12180
12673
1280
11862
14138
14059
8503
19343
2430
2998
17936
12244
20285
13076
13166
15187
637
249
17338
17234
21264
4980
8407
11519
17261
12766
8976
12663
16897
3127
17250
10180
21603
3544
8589
14508
17777
15962
3010
786
8358
21820
20372
18623
6539
8176
2873
944
19754
7890
2205
6205
9265
8838
1134
1680
16048
14713
16284
17636
21723
16592
4551
19194
12616
20720
3568
21130
1003
14289
13334
11685
20041
6655
10134
1631
8029
19454
21847
18748
2188
9161
14300
9879
17789
12906
7047
9768
12785
5440
9425
21657
18802
19186
1130
20613
16421
390
9015
19886
6465
21484
4108
8938
2609
9842
3849
8080
5342
21804
5611
5444
13413
8174
4727
3080
6572
20266
5506
6989
2165
21904
7574
10141
3384
16237
10652
8617
7729
18787
8599
5177
8638
1607
4317
2831
7058
18538
3453
5714
14198
13086
1138
3295
2785
6524
17119
12884
1298
19840
13809
15201
10888
858
7532
18351
12890
13877
12383
7744
10291
14339
8586
8281
7626
2260
2849
17293
15629
7569
4497
2692
1297
3123
12123
12690
15576
19589
16386
19366
5770
21170
12151
12825
19708
11163
19039
16580
332
18531
21483
6201
2456
15095
21250
17958
19962
6350
8810
18316
7678
2894
21796
7673
14326
6896
1685
1648
9851
2950
6257
6712
3970
17353
21858
5725
20225
4811
21303
9938
11218
15528
851
3195
2423
12594
3215
18186
16280
10859
9448
15917
5581
3540
16317
20973
13909
17035
13388
5569
10564
6451
12855
4094
9922
13411
1854
13243
13398
13629
14283
4309
19861
15196
11865
3495
11652
4926
5741
21947
1743
13901
15786
8150
17174
2622
3001
17623
20939
22396
3438
2382
13942
11654
20859
17122
17597
5642
13786
20719
16012
477
1643
5417
20196
1549
374
3573
13722
9511
5083
9490
11765
13429
7997
6494
16232
12675
4173
6109
13097
5065
19666
8984
8787
10191
1426
7391
5453
1540
1188
6303
9765
1140
20698
5370
20379
16631
10006
2411
17619
13366
4590
5733
20287
10558
21267
15225
3595
6438
22087
1417
2714
5114
21514
21883
3478
15485
6593
6644
10124
10913
13804
6777
4078
2591
17754
1118
18724
9208
19213
10467
6967
11056
14412
7998
17407
18264
8527
1249
19355
2697
5839
3609
1043
566
19635
3984
20968
4387
2480
8141
20610
16819
3580
14630
12893
16540
14761
20535
16767
19410
20423
2436
2212
1670
21361
16405
17432
16986
17836
22298
11983
17000
1364
20241
18742
4262
12352
16267
7996
17046
18880
13536
16764
13479
16765
2621
12293
18342
6793
13606
19097
14072
4984
22091
19909
17074
19010
16076
5998
17730
20318
21974
17974
8078
1593
1373
14096
19208
9022
9296
18001
10706
18839
3904
15383
8104
18174
19859
3275
5416
3611
5880
15548
17812
17840
108
20957
14401
12417
15279
5395
12725
13080
6005
16325
9782
9078
10741
11287
10626
17815
9720
2645
1572
3604
14714
5038
20270
577
17466
12883
9830
4239
11733
3098
17919
13342
13599
21669
7045
1218
21927
6295
733
12549
13637
10016
21270
19440
3696
5532
11155
14013
18480
8317
8318
11574
4178
18558
9129
21637
12103
5301
13748
20427
12338
14408
17529
21342
6104
21400
6325
8159
534
7119
19913
202
5618
20961
16705
1577
15379
14538
4553
3524
8487
3763
14183
8581
8945
21100
9123
7021
11464
8644
21343
2290
21870
7440
10135
5053
13658
11419
12926
20671
19413
22047
11782
13947
19459
4532
9428
19445
12522
6613
6298
15310
6847
15764
6787
13491
18711
8865
22364
12493
2792
618
12320
2896
19904
4254
14468
21668
18232
3748
544
4413
15422
20849
20457
2650
18790
20637
2502
19622
21632
6167
18950
9894
10825
6333
6063
3450
11086
20060
14316
13360
17076
2903
9955
12541
2304
18147
14475
15445
7985
14180
4318
15479
650
5129
16411
13363
19969
12387
13624
11138
15288
15901
816
14279
1809
13176
19349
6969
9920
19865
16723
11326
17629
7696
22209
10942
17244
15940
3759
11130
7406
18794
6387
1074
16988
16225
21534
9302
12709
19306
18978
6094
18901
17091
11661
13773
18099
11910
13496
6184
17622
4105
4567
16182
18891
13779
19061
12989
14135
1716
787
15530
14664
7526
9395
12328
18590
921
13163
12734
17445
3408
21377
905
3723
14688
448
16500
887
3240
19598
21069
16953
13414
4303
1524
6122
16233
12024
18602
18110
14129
12922
940
438
17721
20860
13651
193
4391
16573
9979
9697
7254
8804
19456
3569
6853
15750
17352
9289
14464
9577
16288
10462
5906
21190
19391
11025
4281
10270
17824
16239
1604
5915
21234
15743
20518
3141
14774
21728
21594
6891
13477
3068
16465
2175
4376
20097
15943
8626
17952
12614
2006
12121
13983
9948
5105
14092
14222
2693
18051
17201
12897
776
21059
16002
1947
1994
6685
872
20326
14436
9240
9002
1628
17355
15930
209
2487
17768
10204
4816
19314
6718
16350
19670
5186
19015
3183
21829
11900
207
21424
11730
7107
2098
22058
8283
17742
16207
3134
15280
11157
6410
3883
22157
2503
15724
10521
16904
6953
1556
14711
21992
14972
2699
5907
3149
21971
19246
10773
3639
16840
10916
3018
2308
11796
22104
19774
16612
21010
19399
14008
18065
14453
14897
15533
9626
16939
7024
1708
16326
12192
16619
13625
20284
13198
13194
471
9457
7002
1811
17484
1747
11533
18305
22101
21979
17129
12073
19785
10237
16275
6691
3093
7314
4415
11872
9200
14143
11673
12412
16772
8025
20649
8266
3997
12790
10337
5762
5031
17036
11481
11115
2082
5027
21990
10753
4350
8983
13292
20519
20799
1276
18103
4450
8909
587
22039
3317
4921
9801
4999
13421
14085
18447
18848
6432
5884
9320
7529
17181
976
137
7733
6506
8008
9436
1760
14725
5640
19198
7399
18025
11715
2546
14595
7160
1884
18127
21031
21640
584
19647
9415
2402
19953
5836
10811
15984
16229
15451
2954
11575
2818
1625
21506
1220
6317
3570
12061
1695
13762
18770
1918
11532
13124
5441
3988
18501
4114
2338
3747
15382
9638
12502
20816
9487
1206
19508
10038
17976
20666
12716
21428
17835
9231
17618
12162
2559
20005
11146
17178
14813
13704
13227
6370
22434
7003
5118
17009
17060
7688
16354
3834
18252
20789
14609
18720
9750
20735
21005
16107
5939
16250
22081
19140
10360
19419
16763
10918
13371
8100
14386
4838
13925
9067
1844
1026
8127
22068
22314
4803
2817
1039
8234
10639
7872
1956
529
9753
22191
9780
17403
9354
11316
9483
16359
4717
11944
1305
4575
16300
10720
19066
16848
20835
10755
15069
18014
14303
5645
20676
21015
22359
11925
13586
125
9984
5250
5583
1507
5905
4912
16572
15675
16552
19546
10414
16008
11047
1839
6111
21731
14843
16703
2939
4361
16463
3481
20702
15938
1441
19370
18775
16888
16980
357
3007
13682
21613
21177
13199
20630
8798
989
13489
15585
2370
15584
9748
20935
345
16096
7955
17630
21735
17627
18340
16254
13229
12726
9943
12491
18460
13483
3111
5769
7441
9179
16937
