91138
88737
29261
118354
115027
23254
14090
69084
19679
41618
127841
91928
13616
86361
7060
44436
44515
77471
69425
20948
59035
124283
77710
7408
118128
26245
16265
7332
60491
63067
32706
40701
90480
58985
114587
57233
54418
90415
38335
104169
54676
96735
114714
27126
98262
17620
81693
114278
116873
104123
122364
15974
9733
117967
46607
70474
119360
122587
87957
58107
125868
86282
55829
87912
41272
105363
10401
22534
45771
36407
45550
87540
81031
96740
53080
64571
102009
18757
103790
30991
91974
84917
6255
114673
48383
108549
115357
35916
100950
22151
126728
86699
128076
108889
26028
122384
118840
109997
68259
108623
108005
105521
105467
95683
79517
83210
26985
106252
126805
86851
116837
117808
115383
101103
2463
42606
107847
63922
117190
7775
123561
57428
118799
53460
84603
75720
81807
116142
108348
107604
12864
79674
22136
48803
95151
105538
96716
110445
18380
81524
114656
102988
58136
119746
53240
83657
104202
33137
33518
73676
69596
117485
27476
61917
96618
39431
104388
18
65304
53332
48149
86568
101145
52955
88434
56779
71426
102771
63571
99908
86877
17488
86146
56158
102381
84144
84764
115854
85688
122760
64056
27980
86398
118223
73140
122507
98892
41419
82912
81182
70361
29859
116899
61684
99561
99886
122266
115980
113341
86598
20104
103620
94591
121343
80424
118718
80951
80278
120809
82788
65564
118233
129099
41672
47073
89478
104319
103454
24067
54255
45171
94334
120483
47524
34532
15440
102436
64191
49439
86912
29430
86789
93799
61489
16393
26532
25673
45473
12088
111357
11532
111923
98339
36656
113402
68230
85729
93958
121437
54020
27161
106573
88519
98566
92413
65865
70957
124088
106987
34793
93441
107490
124044
115119
12755
21948
122404
31829
84951
95326
104909
102446
29606
86634
89538
99247
128160
2829
84794
19966
119283
65528
92797
118079
94814
82512
109410
85066
24800
118158
62729
128118
96548
1508
17139
99783
122728
104303
24013
89211
8161
87686
111640
77090
94510
117641
8723
70277
15756
100764
10191
18193
52664
58032
60321
68715
110694
79065
119663
46366
56992
33677
86867
105842
58137
109254
72685
124671
28148
32787
120198
44261
15171
71683
98376
84887
32628
18552
37792
123162
92090
29258
113587
20542
56441
22532
102853
123692
78350
68685
17104
78809
124829
1035
80155
121000
106779
29567
109398
95515
7667
2924
77877
104650
6926
118141
125236
71408
90338
65879
97189
115731
99958
69915
111766
92267
76459
62230
82622
93487
102797
17453
94742
97317
85042
94728
113849
93999
34085
79527
95338
125472
41939
101023
57410
29849
97275
80314
62978
108402
52644
15763
123379
682
102575
83908
64985
43435
74727
111745
84765
104707
82945
14566
66505
120379
35255
75923
112615
34232
86490
56487
124499
130242
50950
119348
11425
89230
81515
24080
63584
79187
70837
27322
79434
103096
31019
121980
2165
122116
84599
120737
75774
105083
98921
90874
3814
76947
51502
22044
82210
50243
55697
19710
16596
58887
62816
112222
78901
94780
20919
66504
56401
39106
2250
44285
85560
91485
19229
79730
33190
5062
124310
78761
41660
61887
13437
79697
116501
78622
38695
89639
117985
8994
90661
94762
107696
124615
31654
117857
89799
127931
121544
122567
44302
91544
120215
82458
20374
75175
24982
88367
83951
107231
98514
40719
26213
89735
69656
53358
84591
117060
92098
94181
105546
93835
36008
79138
42196
106514
78439
105835
92263
58692
38524
9751
53275
46698
90871
30434
69469
15749
85088
26750
100093
128115
73975
119701
48774
33484
126056
77151
87170
63145
23683
121864
94885
74284
100553
9426
89066
83207
114248
89724
128774
122887
64108
90670
71804
52026
64427
116963
77842
84581
38272
102819
67471
34046
26178
51137
96256
91160
89801
92672
32178
34485
11274
117123
90859
66050
93380
111503
86136
124133
108906
79953
32227
66338
113821
20128
113552
83410
96876
91835
43602
93242
84515
78829
115914
78954
106038
126244
82451
36101
80117
128500
10036
116514
110413
55176
69705
17518
23064
46853
121622
118484
127395
76344
117397
50910
85418
125632
68487
120768
53607
76980
90760
108632
31973
108896
63771
89166
89379
89341
61705
88910
16619
51470
113602
121071
50708
86459
86928
1282
73390
86322
81644
121037
126988
114158
117419
109662
46267
1748
125524
119202
81166
48186
65701
5539
72717
60707
99624
103777
116274
66882
82691
89949
43942
29992
24038
68061
119910
90571
52928
122030
83404
9254
25473
33377
121471
88770
45627
52391
127205
75639
98478
53851
114053
97983
66428
93464
51071
30049
51848
111855
82639
73771
59246
17131
25917
79004
127212
121654
94709
33344
97179
8683
122224
24226
96008
42810
101049
106813
61102
120642
68309
50811
126463
22867
33878
21049
104762
43838
102862
123443
52912
10590
115321
95868
37203
124189
21602
110315
119820
33914
49956
80220
79576
51184
84200
118601
89360
69168
100876
94684
108904
37612
127591
119194
94061
125347
103819
80613
73501
92085
83104
20238
105180
101038
124787
123364
113132
51941
102662
81897
122695
110772
37011
18900
127091
52865
106206
8669
42072
65359
54396
56179
23331
107804
69418
21123
105596
11437
93089
10407
77563
97148
87323
46330
115169
84527
1019
126326
8671
87442
127267
78438
77830
20766
8509
22506
25271
84791
113212
115387
35116
47192
58186
78308
67448
77908
18908
98595
46697
43868
99107
86462
21380
28646
88339
120438
109939
99003
127550
35133
13042
123518
89596
81622
79052
14697
27447
129987
67162
93363
124257
92814
77095
103800
40870
109018
22488
87734
88507
80666
63705
113670
103439
56121
130481
121276
100527
6842
67853
102497
81118
74834
78562
84050
55560
119487
24864
53620
123223
64639
79634
96280
25166
10893
113182
131807
8423
43873
32203
76982
111193
64513
90914
63205
23592
26170
76761
48291
23168
123483
120044
27470
105288
84437
104713
64406
96461
125810
45169
38659
64100
52841
94437
33169
92747
83747
53998
108257
5839
75213
75335
9884
121346
13896
97001
28066
116417
37687
80765
57880
123042
114574
118736
63460
84344
10845
40448
27226
80912
105829
79802
100541
98906
50821
25651
41106
23243
3639
69059
108064
35112
93235
92176
76072
117577
111454
79947
28971
7361
26478
64429
67712
71518
11461
108271
32164
116656
100379
123545
82192
98097
85019
125303
85317
88223
27534
89046
52651
78553
96834
113508
67916
119289
16459
44863
92906
115108
111356
58796
119586
29110
44942
34395
109659
47602
2566
94369
118317
64895
108983
119819
95445
100725
8925
122864
65742
93756
39807
128315
28557
88384
11128
88743
85058
12668
25459
25253
98654
53987
94043
48015
112446
104749
113104
102029
93164
122588
98141
79750
125346
92986
27067
35343
98449
41698
122713
76220
66272
78502
32206
102858
6132
110934
41270
98219
92513
90603
77773
88595
120610
89807
93652
124986
105763
102937
35144
55557
18199
121518
109884
103104
58937
25191
118358
110391
43468
53195
17732
107464
91210
12524
16814
67685
78595
77161
15251
36888
957
84694
110085
4647
73918
110723
81802
111122
93881
1922
93250
22112
67814
99101
48201
62059
79751
66783
106915
73726
104581
29306
100328
20170
121091
59833
91757
88217
109900
131086
49481
122347
61120
17934
88723
115688
93685
93271
107309
125554
96462
83367
103125
71008
87013
4384
66019
106012
122877
99543
92713
127108
98431
126032
126024
70014
13183
62615
52682
21935
51527
519
105455
113272
61303
92630
21498
125924
65
109435
88343
124788
20523
66079
107615
69730
86675
98706
41542
81469
44251
37177
127871
108130
26305
60379
26229
106157
26834
95364
61568
19958
66446
22284
95942
83163
83257
65149
4838
123511
122003
77682
21778
98187
108700
58817
20482
63997
69910
20969
69437
101613
64445
51826
90295
101961
30584
65876
102020
105028
107679
122215
97389
112323
21179
76505
26522
65917
82507
119867
100837
77069
107327
80619
34089
91720
84808
112648
101916
63605
32978
124495
31501
55644
83874
115532
115681
99145
76254
104374
49805
82135
11342
66168
27758
80275
110757
113279
28568
118350
21235
37211
125322
2197
78601
39952
93018
128964
91784
92667
65375
101418
122246
78395
52574
7787
83302
72735
30701
57000
90392
120144
100641
128011
17963
92683
6418
90379
121860
127795
116630
112733
30281
46432
106100
45220
51978
84821
67255
46593
88167
90591
86546
124556
62021
85559
122035
94001
65677
90397
75804
44655
50327
12908
105963
79302
120520
64507
107704
87614
110759
68952
64632
27518
31426
8611
113334
41733
102636
66558
55456
104033
118493
70876
50030
87731
78226
53549
82326
44663
83052
58346
40569
90856
47176
35855
94320
86573
122782
33970
9252
114930
115039
31132
63817
105444
87872
109962
18866
102558
97315
15553
54621
9356
53114
53138
44547
127447
8794
43796
121267
93627
118058
110612
79577
65907
48776
122349
110178
24440
23786
116574
83693
82518
100207
51191
46363
55403
49837
102696
30385
113745
75603
124910
81298
100870
83350
26551
125545
7357
4734
47784
92674
47847
122610
82362
85628
34492
101143
73780
88387
127587
81883
120153
61880
114831
118053
124883
112303
95788
77422
99611
123213
15152
101129
104392
48936
14575
51427
26549
104107
92193
47508
54297
123478
128057
16579
116265
75879
76801
78750
83355
99537
39124
109706
29048
68917
101665
119305
94492
117854
118389
127939
50549
15158
108719
129731
88707
2532
83112
131130
86523
107614
19147
59427
34916
48765
114060
104101
88633
126488
54125
123999
97300
129512
73387
43100
7355
107063
41522
66449
39586
60853
64438
114089
120530
48882
84692
39764
126706
49006
112329
109170
87445
54917
89352
50413
92404
93017
37546
23406
80436
55353
3491
97350
112147
9095
99324
53496
130598
6263
107603
82716
55150
105831
30994
94556
112711
124915
106753
48222
32803
36775
92694
108469
26875
87399
30241
84780
120773
108329
38845
581
91652
106442
31035
123368
120928
69482
17660
25019
87592
61848
90756
83170
10434
79454
127153
85100
77926
71770
101035
62353
101985
104436
117159
73534
14699
97901
100682
127635
86450
108406
88985
128068
122684
123444
85230
129445
80120
75432
79248
32159
70898
114816
33284
98944
69380
38840
118773
71733
70945
32477
47720
90410
111620
36584
49444
84438
58984
58616
115301
3047
53485
84695
61920
19513
13871
9726
25305
101673
51866
99816
95146
71631
113113
8692
86863
76630
91476
124904
75967
112526
76462
43467
23702
125879
117130
58792
83204
73315
70183
119644
31492
76566
95717
106084
53263
126353
52542
81119
24109
12285
120963
26728
116532
99775
127440
90528
118987
24772
80733
112943
4625
86650
47314
119587
105265
35811
16278
50765
51283
9615
109992
107776
104883
40050
100017
99681
85663
51641
90632
71865
41999
84398
67924
64111
123602
63094
118199
21072
85303
64593
43091
546
109531
124908
125045
131737
113092
74868
40152
61346
93913
102919
118571
101960
110440
59409
23723
44830
111893
116911
88164
80012
7139
42186
64970
86527
2113
49162
49171
55826
111518
14333
62149
13910
130836
93869
81692
110244
108058
110277
95360
83457
122989
61547
126445
100136
101171
97736
83623
121197
87776
114048
73525
108542
89980
59077
5621
119239
111554
75066
69740
26125
40030
35296
100126
92411
92866
80290
91700
92408
129774
76227
30074
104485
90614
98494
29670
1915
124562
73492
71496
35091
101036
124449
120367
112858
88725
120369
71905
3644
113238
102059
71571
59104
2700
68595
50254
89086
101070
119945
25044
78306
43020
96041
123907
120381
101608
17186
65547
121255
94794
77171
82718
128826
94875
109556
131004
91689
106861
122836
106697
13376
25118
87717
90389
47405
24097
44257
30796
107817
76299
20135
18816
88998
101007
66548
97015
104105
9501
89865
110850
102132
58083
69533
92819
83472
59550
107197
95657
74081
99772
114365
4410
125198
13725
51214
32624
80325
112433
122532
17811
99259
68236
110785
84798
122803
38513
10811
102410
77707
87798
81934
82167
71174
38069
120859
75590
9525
6366
29655
25693
47356
77997
34369
54756
7674
58980
57738
106615
68462
47532
79628
116316
82720
84234
23843
54899
18487
89503
4078
90284
91609
80986
116658
65100
114653
57536
100510
96647
87975
75921
65068
124346
99509
49583
89256
47578
58086
100006
98606
16540
466
89951
119858
121144
104190
103553
4518
92822
109710
32271
46991
17957
122923
125710
69428
119413
131162
109497
108625
53866
97173
123357
47910
17931
123802
71612
43265
113809
100175
129556
38426
19059
47658
117417
131727
88026
123682
5419
66552
38889
79327
93643
81210
83724
29168
97838
116969
76113
103657
75652
86375
104894
125194
58872
104488
86366
16228
9043
36363
18974
105266
45013
112569
84092
9261
34306
102895
50308
79738
54948
8011
131239
39709
56417
92446
106280
59336
118728
57539
108817
98384
89261
124790
113533
100862
34433
63490
82876
560
79624
81115
15677
51113
97658
129337
62221
22033
107625
120871
81854
75526
127142
112527
20272
52750
10210
31237
85000
112467
78791
6043
92264
34309
38754
33646
83016
21316
30696
92441
81719
111228
112627
97523
58930
47779
89355
118709
105013
40741
108196
71823
48226
86954
113756
62941
99897
28034
61620
69387
75109
103187
82902
124524
97740
70245
72943
47515
24369
60540
76652
17337
18439
19258
28438
85611
110223
98209
125167
47770
36550
97550
83875
86052
89038
15253
18846
89778
14272
59054
18408
36303
99274
89630
118025
124886
111231
36043
15696
102960
41281
87473
120168
114335
83185
97732
95861
96554
80589
109461
1992
52261
16679
77056
92828
104155
57336
117745
100060
104856
88027
116623
15694
20124
5660
72834
77325
124534
111737
75665
113687
90506
106808
104322
10019
58624
112393
99947
108837
101626
116110
130874
118139
122315
87373
126288
124686
31651
118555
18318
45963
87680
53812
112047
60648
42670
110621
96653
18838
67422
6982
23485
92652
75759
78116
91416
116230
94119
87177
62661
14262
71774
79900
33950
109261
112178
57955
93541
121502
81560
119955
39311
127643
41123
64428
121069
28615
31571
42209
69698
117161
19815
10175
120079
35173
41137
25200
24977
121459
95725
141
33684
45575
86448
118642
68862
89310
38796
91509
55178
124108
87369
119940
87211
41349
95883
83462
84194
69396
89180
46119
92129
34983
49021
125522
106071
61439
20793
40278
112686
75490
1081
106355
109022
14582
66801
75299
44549
24331
52798
122179
77921
35739
119876
97349
95142
25462
29498
119504
74280
13718
60263
12334
13523
8563
8555
77086
65845
15623
76247
102432
37384
84490
26827
82348
43578
26641
120204
113673
87176
33418
80777
53262
59525
78035
32043
71832
59103
92722
15302
38417
51093
93183
1744
121143
106698
104164
27370
70223
41170
103747
91341
126323
125881
97097
99219
78548
86955
111252
75680
17965
74922
56372
78835
50377
78275
33296
118305
33403
17584
70747
123970
67078
123025
124571
91540
102845
111771
26008
91946
128128
9028
41661
73674
49253
109133
4612
105819
95933
78276
93943
101559
114283
102266
21044
61359
38175
30748
100856
214
117038
51876
97079
75163
119622
38594
124466
55499
119929
119021
14706
17078
5428
12453
23347
25718
42206
123006
116909
93581
18163
23326
94795
91642
100634
50135
86440
127911
63033
53686
121475
57739
11303
81911
96573
61668
40838
26533
46709
9432
123670
110606
100629
10734
101439
24967
14313
107467
28139
107243
86112
17869
25340
25243
122180
82940
33641
20958
85403
15236
42577
76416
96130
86730
109124
7614
105086
88264
92079
10130
49693
84571
78402
57353
2984
126198
113453
126335
15312
26095
63034
36986
89174
15822
91793
96724
121916
80474
59364
120162
66120
131261
13971
82028
83577
124
102499
53622
64648
87601
90947
102530
95380
97836
74217
104656
55910
127683
118374
45592
79352
113854
31935
90609
20436
91422
92494
32597
83846
60179
109960
87396
25510
126039
7823
118293
90708
103456
109406
108380
65633
126354
128211
119916
85880
118147
66185
85789
79053
14721
38464
103040
55282
10043
88272
34703
112406
122326
111189
13298
107740
61574
34453
128009
127679
97250
75083
93422
122574
59790
28925
64932
124508
118868
108568
28764
57764
124519
86930
37723
80718
118766
107158
65082
75111
99703
4699
108063
109420
78953
129942
74409
82764
101991
80832
92607
74341
12107
11426
103086
121777
123231
34031
68272
47591
67239
88405
77506
100680
126044
50899
129584
86935
74561
116448
19606
103643
37116
32373
42556
21700
63570
84693
112707
130166
49032
42663
40454
57702
44303
73124
34590
64414
126978
86775
65558
110523
121658
91659
236
60719
100846
26105
54723
38618
1123
32349
102938
77547
119167
117872
74070
129226
51594
75029
98006
108160
36520
38459
17703
96883
67254
94349
38531
105600
105319
71123
66042
114692
126237
81257
104300
52461
113658
119801
104594
88075
113377
115209
95505
114402
110442
100064
112967
10502
104023
52947
57543
19918
4646
32760
87116
68237
110232
43995
89722
113274
103266
108250
60020
73443
23789
65130
103544
36818
37890
3575
126904
100031
49007
10552
87626
104315
24778
93477
92754
127685
25479
118696
43925
50246
85917
90841
121464
42899
56668
67355
93074
120542
30200
54278
41234
25196
107061
84914
40412
79023
106169
105400
97490
34174
1778
95143
125851
2528
17450
79706
120249
84198
94595
82782
83443
94137
65981
8754
23996
57770
52217
82218
110946
25530
18968
125574
91728
104881
124966
97568
41456
99127
112830
117589
100426
115304
50622
97729
69646
48524
78590
55636
110756
103393
60570
44017
23007
105613
122037
59642
115729
130275
3648
123498
90656
62007
16630
45677
111720
84558
75525
104227
94637
43937
19108
43596
12887
81939
128600
7616
118888
87539
32650
108426
110984
104013
86489
17978
124979
112424
52056
127100
119369
124494
109697
76152
79844
123659
77464
106037
56714
69508
19471
87112
71372
14195
110276
99007
117436
89585
91624
123747
93748
104498
64552
112060
78384
61675
23186
77631
44066
71868
80370
102402
34899
101087
25726
69806
50272
46651
59906
128479
70641
77081
31330
83852
82767
46582
65908
27459
69544
83926
100451
60947
102010
95015
42000
54388
45288
77221
5694
112051
29042
14045
49585
125820
18971
69794
80789
66301
34008
112302
63776
32277
103273
80260
30777
121028
11495
119911
118457
34084
19218
73731
127907
109047
63398
118702
99172
7395
61301
75327
90784
104060
53178
90838
38420
20175
33920
43444
51591
75761
110762
37167
100873
84859
119260
46008
59751
96900
44124
19482
121573
125048
39766
78277
53535
44542
33721
21248
24394
122130
61193
51917
110640
85638
82366
90745
45595
16850
69901
111687
74959
127257
153
21064
13047
72648
83574
124680
127980
97297
35198
80760
74001
15896
77073
78495
125435
54117
84945
70637
84529
78598
62046
116209
18996
80828
42531
112551
6819
16395
90518
8427
17854
61697
90126
64216
108121
102817
55206
91205
62250
103154
128113
86196
79233
121481
108660
48948
113554
5426
103768
9259
106842
77376
116056
13044
96420
40231
108125
104911
78818
108415
29064
61658
127400
20245
97906
76191
48672
61963
92943
109759
80541
27807
37370
94308
40268
123957
18226
83448
81123
43041
43661
130652
10980
66665
47296
70093
13112
127077
83506
127875
99534
78492
110426
118296
97391
127973
67510
106798
97261
41666
119714
124866
126280
110328
111359
82922
87724
58082
124591
85503
101885
43286
76245
108641
93282
47142
120362
64705
76346
109444
97099
113392
94252
71656
84047
73745
47012
94285
100718
118269
42287
68242
14337
32811
38350
92710
55170
10091
2460
122562
28446
125312
48987
95063
50997
88566
4000
108079
67679
46292
88465
114761
86389
96864
83843
63924
73950
37182
112198
130677
92440
35151
76410
45885
17270
46688
74327
45420
35152
76019
118612
6945
94729
41242
36456
67992
97437
115673
60164
15010
124210
70687
92100
125436
106692
52418
66623
47827
100431
62383
93223
101022
1594
112557
85457
29046
85751
121113
94484
48503
60884
35940
118313
69459
53663
67177
111167
84318
25788
45646
94012
73697
36722
15327
87434
110176
63527
120344
5186
18841
85434
59920
114009
84182
44015
35167
121584
44712
18158
83979
61081
43651
84822
41693
94961
125205
103254
113717
48801
96848
51123
80762
99601
14413
3998
27676
45604
1592
95048
49987
121996
25125
34164
47690
128811
82081
15222
95090
88360
119828
18261
23503
110794
70020
56480
40071
37395
87388
33220
87483
125253
122733
63448
13334
18039
7648
98274
53747
26539
128862
83750
43582
76125
31619
127224
28429
88260
59
53149
107900
57459
93605
75473
62434
128313
95270
116676
121615
126040
108164
85264
105571
103742
55151
111567
84958
57220
21555
39889
60191
65806
62654
39983
86070
95900
43525
113492
3956
92419
13019
18867
70446
28727
76910
15049
16252
98420
131338
76091
82914
99819
58041
114645
73446
114323
71806
30795
93142
25661
124725
111842
55505
48109
98206
93463
116285
38434
109863
94611
22155
65079
59864
107588
78917
4673
24365
17389
64000
6604
88141
6182
110774
15103
51410
83856
89761
71813
125364
37589
80331
54090
77445
93726
29317
73270
90106
51924
116914
123813
119082
124928
91584
39479
52729
55945
121998
16272
79505
114285
33642
115635
110679
86521
109517
22599
29972
33392
17158
68234
76492
40029
73943
71532
66727
85198
62736
99086
60911
32189
30960
79485
13686
124537
88853
100909
74785
126992
57825
9045
73969
66857
104036
73329
111447
75481
31042
123575
93862
16568
27070
74477
90485
57498
16064
73715
9434
60688
15938
103872
93766
8290
30920
106681
129000
102860
7567
79283
41502
85215
59535
106180
82047
118287
48448
104109
116546
10420
122415
35378
102241
85797
67871
97160
125172
8649
115106
46909
81434
15298
130040
117715
105486
72886
77836
53621
126569
67656
90709
30593
40699
99536
53476
109115
128704
126523
16920
77605
92591
88515
33358
92981
45532
16690
81374
107661
70041
34318
119926
107788
95032
69408
91025
89109
39202
72792
69456
91875
115718
125222
108054
84459
86743
93107
121707
90193
112817
57199
118049
109198
106930
45175
95991
78288
19353
26949
114521
115074
125316
126217
44390
26643
111615
6219
81138
122032
12691
24091
71765
23571
94977
109397
70649
39826
117227
105602
18140
42903
131790
5370
102582
104782
52438
11099
89770
44675
92629
100010
100564
40461
86232
2089
109753
93025
34903
81513
44271
14864
2979
122420
29376
129043
82347
23175
111600
90052
35382
78201
96492
82389
42696
37193
104095
14154
934
108634
46253
37645
4007
45364
84104
15255
100643
89255
104240
118034
102464
95259
97129
82993
120544
83935
102791
105157
80056
21517
90103
91820
121482
35161
66315
37361
88326
100640
33189
9689
16376
29464
87698
85251
117441
123471
93675
53343
99074
75650
44208
108763
31803
60422
94868
114793
102741
1039
83500
23920
25494
65448
117176
36569
19560
87963
96584
104328
121142
61365
118
74282
41501
98833
91289
47737
84174
26062
75451
11141
89284
68967
86130
102430
2527
37951
49620
49272
86187
101061
96187
83262
62550
28728
87816
88431
91569
108103
65545
96783
126975
40067
100399
5915
87875
107937
84168
8182
129291
112519
102908
7678
121424
22505
73262
110241
91154
83368
112942
1340
6375
8520
125083
54134
50614
16723
12539
118445
131679
80141
12647
95592
87014
78382
103231
112802
106369
109003
67181
115477
82059
103583
75773
39563
94698
120377
86169
124762
114090
85347
32469
87607
8287
112427
117229
69381
106775
110114
91053
69154
71304
89748
14999
34839
27582
122428
7240
44049
70789
54497
93760
14356
46162
43614
92475
100082
124944
22091
10288
119980
46
60323
85175
85705
25556
112238
124157
27244
82596
43333
52139
21537
38320
114443
77215
87439
98615
110660
119057
101167
120085
112246
17160
78303
105976
10296
10364
82756
19085
86782
28297
91185
85052
56884
62599
126532
106399
17510
105555
54570
48146
45404
86678
128034
93988
51187
37337
129162
92371
77624
70796
67635
127380
45326
131242
5938
124616
23232
124322
113210
48731
49614
28412
79954
80678
71374
111222
83049
100034
89628
81777
70266
57552
111865
124149
83892
70919
86676
119481
55388
53414
28156
19389
89613
79024
47649
124230
4971
108147
103479
85768
45492
83982
100499
123153
110448
88325
122947
18296
26094
120519
83372
109301
4530
100084
114403
58336
103941
112658
9668
80594
21817
88361
115819
3705
87974
14711
90001
59968
36506
14881
9089
119195
75218
26937
43763
46337
45382
71006
68459
110919
60452
85740
54802
110646
113496
100443
86463
122936
18198
88593
89975
81008
29596
107191
16346
34048
73681
115805
114062
116560
99964
113519
105370
64112
67202
88797
111177
64533
42700
52929
91777
107594
33620
37622
93161
19433
65597
85824
110915
95653
70354
31400
115765
100933
62491
105169
87332
71684
96818
76627
125209
78416
99863
41051
76858
94529
79262
93849
14293
32371
122219
120988
55716
106900
117228
93381
13929
89482
118743
108441
26703
126873
122419
92524
20119
112183
113536
124422
84960
97353
17151
114425
39272
39486
109921
12361
115181
63910
90524
61912
118077
46132
6822
92489
108194
101923
90470
88615
96974
101098
38927
35663
114942
94515
103780
52378
53680
87661
80363
102397
74512
30315
82920
93499
31528
17945
108688
108620
5874
121244
81601
77550
99157
39079
105625
108468
59884
62500
61824
122583
38704
61749
122492
42646
74816
103317
96159
9660
38195
20212
94296
85929
86862
130943
17590
9744
32320
109005
64877
54162
91890
34414
53458
119688
56039
121930
75110
9965
86588
6557
92631
115780
80686
126131
127803
43893
6477
7243
117036
103774
84235
68995
123678
66917
54539
124766
2542
38574
50915
115211
118641
112589
123848
104878
122745
20430
63720
48417
62331
90341
121661
86940
17479
10685
31153
35548
127319
82115
13166
24261
107948
93118
116529
31683
88667
116478
71448
98530
68878
126416
119924
27397
107915
94909
55455
45574
63401
94047
12501
56012
47371
77512
15638
77668
118929
14986
107108
105942
74483
16720
67158
13832
64525
114421
59313
22918
92665
69068
71095
121653
56250
100430
35801
100147
123669
99707
79596
88681
127547
80772
129859
9101
85634
26430
28819
6766
69501
107192
100534
84653
59768
126528
72775
67042
83000
85722
83564
6674
62156
123760
79752
103246
87032
103679
22221
77185
129498
74573
29775
57724
3518
40744
97059
57861
92508
82455
41527
33824
91475
95101
110502
102056
12264
104006
40577
119164
111821
114218
62349
59861
42694
38914
91756
12996
33487
116092
60130
81572
81046
5913
84285
78099
123251
119122
62363
47009
97909
77866
57427
114469
61340
28693
87933
126373
65369
385
131259
103158
64663
46381
65306
90386
92737
113073
116919
53706
79141
7578
71474
84363
69725
80266
91635
73182
107430
27767
84126
131759
73205
24983
11445
101881
75669
101753
125113
82582
53911
100712
118816
122024
120538
36866
83002
96112
2711
86801
37008
45505
80530
50065
125670
106750
71361
112443
22095
115661
57378
118520
86860
1762
13050
25699
14778
81018
122949
94007
110150
120944
31421
82946
31642
10394
50661
131590
30380
111805
104508
117292
71443
82544
33362
63869
76479
79021
101071
48961
114857
87447
129124
96165
21419
42592
46769
22271
91842
57938
44345
114950
62834
121111
11473
30043
47196
97427
71480
43895
29117
89484
113111
113059
74628
88950
88579
121139
115537
69226
31
59069
71117
9762
49692
57128
79449
56707
104969
61786
840
28598
122838
67065
15161
77986
92736
101655
63474
80907
126284
62265
37335
52886
15445
128741
126189
12387
83797
75321
69445
27603
14987
64884
59189
34029
90263
13015
54691
70085
21989
8998
96253
88647
122083
83911
113374
83697
116764
40737
19456
130556
95691
95044
111897
108654
51407
17112
118772
114196
92304
38141
44434
36003
85451
13510
109206
9964
42401
59610
111763
19976
118704
85604
72706
83755
101121
65679
103413
81320
88088
10143
126533
94681
86769
25364
95226
58033
14705
35873
99910
15486
122025
74369
49333
55618
109320
103477
112085
123950
120257
41470
12459
94696
95135
50303
25515
23137
100357
19051
86642
86698
56543
127583
93033
65905
74977
106215
9340
129957
38255
35952
1525
113722
32015
73248
35731
89324
42772
93969
115110
14745
115987
78394
82611
103021
73609
114542
127176
37868
50204
12584
76800
80811
18666
120600
73746
85449
117873
108794
44304
39926
19522
77499
29489
93586
94810
113869
121149
101500
100926
94419
94086
29080
113400
26622
99029
87627
6460
89351
23180
113625
121957
93055
35637
41901
26642
61696
120946
62001
123105
64906
123361
18265
111812
25905
90084
81549
81523
85459
102787
124752
54569
83731
51942
55918
73348
55291
80432
119248
14894
3786
112734
63109
16038
89520
16805
95583
15092
69640
127192
56862
17665
103983
85986
98119
21927
8601
84013
8154
71451
117316
73045
93391
91718
73438
114054
13372
42665
88143
97112
115054
27011
16428
37947
10399
55419
42730
53469
107511
23304
118584
116567
64575
44224
28626
4322
86373
80961
92702
13497
71260
74312
85138
48856
2091
92346
11651
63471
36204
56222
109871
94307
90271
49779
55853
92640
88428
37517
47971
14175
8476
52862
31183
124132
4694
8681
84087
13743
84715
77177
40914
14774
60110
92216
54549
62985
120258
113511
26553
48460
18407
32304
90696
55577
81229
95744
107865
84928
95291
64097
92858
87853
9401
31599
103164
106926
110650
46920
111282
43118
121018
33068
127243
5355
121748
115437
31869
61462
75927
109952
92719
126030
42385
90326
2324
90771
11138
89960
124607
38503
119789
55165
84670
81397
115840
11391
81682
49046
17004
66569
52349
24769
48677
129943
61155
90660
43528
29214
60722
25820
94367
89217
88618
43879
47618
32933
98981
37252
60152
127485
75423
112054
75106
8719
111473
89006
75063
14687
113845
119879
40655
117518
95542
118422
102357
111233
26537
82766
2625
80083
52627
66938
83418
60544
71930
52645
120107
104069
97137
2170
53303
119002
127915
71074
32793
32299
71917
58105
80615
9587
82535
69881
124647
83316
75267
54905
51424
45903
82227
62465
97200
117536
96926
119949
69539
109230
95697
88677
52296
27137
62706
85477
87809
31801
94407
52960
129882
29061
102844
48647
90827
113358
113787
42860
83062
97944
61004
83291
13352
128431
101828
73614
112295
62279
113110
106923
38188
46805
120869
106447
118890
23838
54901
11455
84039
30883
62369
104398
50697
96562
88232
46591
119676
111206
6120
105270
81461
117491
97996
51775
76295
117816
87146
95126
86953
68124
48883
125482
22251
30349
39594
89236
70088
94073
64145
127429
34439
110813
95580
80386
64930
115393
125181
108895
45545
85904
126602
93707
131475
112083
4841
29542
92912
106708
117362
41315
126246
14698
17289
60161
61030
117940
44443
32708
107800
86273
71874
56318
126458
118579
80724
61083
15082
61837
94852
115097
899
118434
92017
86787
101514
78018
116776
18622
105561
124827
89645
88644
32480
56424
105846
113895
125731
14734
112974
30445
113048
88608
13551
106565
24003
56276
72687
57401
114087
131375
16537
126268
111134
122676
101516
39197
31192
86788
6328
116039
60460
123026
34959
125618
116682
15331
9030
48162
61681
104146
82276
88129
71091
24309
104179
59208
122267
57022
27573
4086
98564
52177
125024
43924
60182
34856
95352
25501
40129
75724
53532
22869
128714
87105
31608
95149
80483
117005
127600
43115
106283
10411
106284
113586
119193
108265
31578
92597
10530
87842
97436
47406
73158
40502
55732
39245
75510
100345
92451
81218
38023
75758
65303
49216
107055
54525
1874
126581
41783
55966
124244
10414
127411
76392
21974
93338
94250
104688
23172
105689
118681
45178
87704
117623
110884
56706
38275
118410
47902
117658
15697
86528
74433
35729
85972
92962
66693
105904
37909
113271
120410
79757
95916
8580
86762
109585
116226
13694
79062
25393
48261
2328
29417
80341
32703
119395
62375
31911
66810
41813
50055
64864
103977
62311
128177
90728
77559
83849
74094
101664
105340
105915
94027
122955
21347
70512
10112
78357
124464
124563
93214
78392
87926
99912
104225
39327
117237
90643
64670
82222
99020
82549
82230
31221
109627
65591
123673
80868
49119
116722
94032
78603
106836
87589
102337
83474
2154
22736
81552
17156
109464
27305
26449
90009
21914
111861
8081
126806
85476
99194
114738
75940
122977
93450
117247
15790
119728
94504
54531
7075
13933
115804
49981
1202
104941
28926
40228
67605
71246
115236
81258
98968
33619
51786
1622
48244
114406
35990
91415
67763
12523
43562
88309
15147
80277
100477
66182
28290
67419
9557
43179
111019
45845
66443
86815
38484
79254
46304
108195
126196
48019
34179
66932
40295
23765
10480
84223
97316
116005
123454
60093
116657
70949
61505
69033
121483
91404
112578
125345
58678
108977
70067
88600
88190
73757
74151
80493
121490
81189
8416
17213
51094
49264
125601
82304
128656
1916
45429
5014
118143
11129
103840
75699
98705
38788
92400
81186
84290
51925
77505
90683
117163
124621
78217
80064
31533
108946
122284
124802
86444
95095
30340
55770
31258
40585
102773
40082
56521
73445
44471
111816
59177
111331
32884
28672
8943
105194
93272
93129
103435
53898
6859
113537
19959
10598
111392
59389
128760
31658
27442
55065
82939
104354
75478
79482
74769
29369
95039
125278
112009
19780
33935
70572
76064
103551
330
78216
91134
54104
32663
17677
74489
109042
121178
76483
125348
110498
66176
51943
90819
15985
41235
93852
45229
13455
101721
92202
79749
128846
105970
113817
123174
77857
73874
77127
69318
107651
19240
112722
7134
39080
79654
61791
107264
121357
74155
119884
115022
79178
88168
83660
44956
117385
35839
39769
127727
1655
50025
78305
126842
33427
100559
95746
32826
979
130515
55039
90649
66803
77480
70834
15550
34080
31986
80491
90032
40842
20103
43625
124773
21626
115032
29066
40958
7485
127013
107871
49712
86160
91690
89003
30252
49596
9124
112494
31118
34686
85331
57694
89337
92220
233
115527
48718
98797
123976
108976
61423
105485
51176
92416
22722
110265
82754
2319
74110
63761
63874
79228
86167
125678
49315
104248
88828
75328
65102
119563
83816
100327
93861
11150
37283
15706
43275
128262
79244
19829
55241
100391
25236
78830
70905
44138
128094
125082
25802
52818
112374
91839
93158
91857
40173
43882
92965
77551
56186
99141
82546
117898
105517
77871
122474
98146
123946
25353
92395
113229
96905
24293
94006
102377
95321
60223
76519
53857
86225
57506
19605
95083
4811
78124
95575
95245
76342
30871
107495
120550
64959
43357
29738
94390
19271
33571
120488
52878
14974
21022
27734
90521
119137
49009
112739
109524
61484
79667
91993
44517
102882
119987
55745
62591
38457
60501
63491
15709
11146
94893
80026
75402
46463
51077
76540
79416
65463
97447
122922
111451
95288
47984
48518
63066
46205
49121
70222
31049
48608
77300
4442
78409
90546
113828
2802
33773
64553
23021
100094
123832
117089
158
49648
91976
88766
64475
110117
6061
96026
7151
123010
117886
11227
108291
117882
112731
110977
119472
114923
72808
92379
67757
117478
77349
109067
115593
105416
88908
29959
35518
85162
37791
52986
70549
25898
15994
36593
69395
131067
41664
40271
57439
48130
124385
16882
74480
14604
117744
105418
88676
116997
104655
5409
58497
62193
126293
48575
43766
49150
10061
23169
39853
78445
108916
20705
37276
117024
84587
19806
45317
126185
99243
99239
124913
122472
51344
40252
46636
115278
9572
42563
67063
128059
33423
30147
125075
116538
130073
108256
10410
97293
15658
128078
90801
107537
84510
7301
54637
20832
286
53208
102717
19137
122792
25414
103146
31576
115885
82569
62224
123440
110823
4416
57818
125515
50832
106522
66215
85656
35695
2782
98982
110805
120027
81817
121833
61457
122483
94280
13071
131714
86677
89568
41404
97894
94141
90325
93374
67804
54352
91143
13699
94525
85949
110826
123746
82113
40494
58759
123023
43998
101752
5648
110721
92697
97080
128762
16439
113368
87971
98010
116301
123549
93802
26765
77897
41329
62241
3604
111560
109657
13962
73306
31586
121547
64557
45650
84448
5886
103797
55887
126508
122861
11405
45489
56081
36403
48345
6967
130188
71286
31389
75166
113629
103375
88739
86554
107313
76853
82859
130473
24422
5393
55638
76436
84391
27023
8640
25609
83469
12589
79325
104134
123161
59625
9466
83012
92343
54170
31920
31987
79257
100178
96846
96448
85025
54314
90375
34941
15987
93253
70941
120124
77961
86265
108560
110963
22876
90005
89417
60788
26672
27930
57562
105337
127022
110312
118548
31531
57580
5586
84004
80248
11243
27228
123815
63734
66378
69312
5619
65022
2861
58812
74069
121066
32468
120580
79311
80353
52954
125026
31157
50548
101486
83853
90688
55114
120723
89943
1877
39813
60301
97597
88952
92565
115790
36880
76923
101416
96822
29499
60507
99316
118061
13374
86267
80747
28645
50735
21845
56092
55749
95617
11759
30273
33278
57599
88256
78888
126667
130402
54893
100220
53336
92103
31647
104129
33679
101837
76184
111298
38428
79282
14586
12796
69593
27135
7946
12227
120411
70424
36534
85054
71131
120866
126155
112333
97801
32411
73754
21628
90014
75445
105172
2596
111797
86261
42588
97286
84961
85368
78981
121465
119687
76205
70176
17099
97181
29974
119596
63681
10315
34609
46362
105328
86085
12037
127856
47308
102378
2371
6610
80872
31663
53218
110274
79436
104286
33407
79898
79267
18228
77670
86117
127527
77005
42945
12326
82539
103621
83318
25672
124948
74744
13115
117448
90731
10813
50627
107283
51798
117160
18709
114671
131497
101282
46523
53490
55506
8843
101719
122744
27317
4661
99748
115620
13700
81965
59190
98128
90514
18767
125412
120008
96967
75190
19857
114410
71356
29740
77601
116387
80114
53267
102613
122724
65511
107043
130120
105089
8650
4123
26038
67554
33175
36789
75055
66944
18177
100433
69137
67104
115430
111547
55326
123971
106475
8859
81635
36533
6750
114436
22308
108011
54629
95485
116284
51904
76174
51074
53217
6688
7100
36938
112405
96137
118550
91520
68159
122665
85205
73953
65087
88509
119794
73284
85288
13251
125666
87197
124911
116311
19670
117151
41707
14853
26487
23150
61438
33283
92886
62967
74970
56008
23539
89362
25879
103740
68119
34263
46376
51721
49606
105533
96795
93974
51698
7481
120286
10812
97369
129880
130072
45596
98569
59882
59352
129610
1108
66748
102876
88817
123921
68630
4106
101232
7781
127633
76882
59319
108627
81694
45812
107417
80393
86672
126139
81750
129857
90684
126617
125520
85502
8214
13622
5637
60498
115006
88785
28035
131332
64315
41151
57003
115000
111683
93040
108214
104728
120053
37076
113359
45143
2814
94879
94218
130657
106783
23216
44441
55159
29497
79073
58725
99914
84332
40469
18871
28865
105594
39015
5826
97952
106527
79861
84442
114491
37114
9093
41410
52742
67870
79673
122268
88686
93894
94999
85677
43672
123503
109210
107149
30682
77964
82274
55546
121222
80936
23405
100779
26190
72637
83037
66524
110979
130317
66007
85742
88104
25269
16195
77172
61146
49401
89806
124328
54555
85887
16516
58057
96042
81233
125387
6215
41537
8319
120116
77751
40971
68804
77060
118883
106726
122020
96899
38816
101958
104121
85831
113626
32572
113881
93811
49285
127203
5813
26228
9003
116797
110828
4021
86664
15819
6373
80626
15889
117938
90539
95801
61834
112496
82824
70216
74298
116210
103171
126240
32155
127687
92934
54363
117581
106876
46926
109384
123075
114560
119390
112010
59907
118394
109690
70598
81762
51627
50498
100190
99415
71567
37036
123003
60647
10730
84795
104565
99230
49608
23072
105335
82457
40692
58192
91396
9899
113982
60315
98620
120420
49612
111831
77388
96621
93360
46986
75305
82670
51999
127798
114450
81969
9488
102361
80910
81778
88342
8964
52934
127715
66973
53045
2606
43167
2393
740
11664
118039
59678
126850
100841
55555
30864
65389
108525
90199
84478
105197
126633
50875
95754
79643
2929
80723
49909
35747
94355
126099
91751
101812
14803
127007
122169
109747
113995
67183
86969
33788
60955
84268
70454
67273
36967
118589
48381
25691
39713
79817
45539
119140
115945
106710
56288
112990
65510
131356
27920
100447
13416
26249
38897
110907
124184
13866
20505
45966
46531
43742
85983
53821
9076
6198
22117
70713
107451
82522
118264
11339
111550
100990
73279
82327
71162
115418
67604
20479
65218
83175
91586
84020
26339
77656
20253
8915
82882
93056
122128
96475
112820
127320
114117
99915
68457
74127
82415
43097
17571
121448
95450
20181
98106
33276
31995
4377
71540
8284
106022
89677
92646
95698
13916
96874
67246
8712
50542
115926
44289
54111
110161
41183
119339
89399
96000
79692
113790
102596
50409
42355
104237
117212
2774
74093
23241
77847
48232
114668
90976
124486
114280
128062
81456
18604
83176
9658
125081
32715
100999
71110
47324
110101
8124
80292
33851
106597
119205
36558
99150
76933
19974
95798
90681
91977
114636
83315
89882
96776
83437
181
90764
59193
106890
66447
88571
100309
58390
110867
76096
50185
56465
110709
42856
125555
105409
125323
62879
92949
47704
84973
126707
37958
21442
7881
30330
86884
97161
13784
113122
106346
32839
123765
69685
52805
32523
67136
100450
122940
69979
82256
89753
61847
89271
94034
73869
69243
105547
20898
41135
110893
113361
109719
66144
103660
107756
3009
120965
36480
49077
121892
43631
28392
57889
93023
39257
108853
106770
56206
122519
31709
19124
103496
41694
21771
103673
77752
57918
102685
126
95715
23669
119909
19205
110036
116193
121407
92942
95193
131218
111403
53307
94059
82110
13066
59534
88259
104870
90449
22924
120037
7463
17135
75543
39171
9485
96513
48642
61380
13373
71626
107867
111341
73682
83314
90261
55052
69305
13750
76325
101065
84108
34386
111010
121677
40651
50554
28370
51898
94026
72749
89965
105910
55784
91602
65300
44601
102677
32524
66255
73807
35
19967
39495
89072
127264
116349
111714
52331
83607
90842
118863
81512
105830
105106
17323
10608
46846
104317
73884
60442
96668
82198
54178
77592
33535
127901
118877
97514
83509
63926
127836
23607
12348
25633
26475
78455
35790
118021
33758
105100
78070
23961
34359
45157
80345
47722
92383
25351
91008
110256
112248
90486
22512
97185
95860
16940
16434
49290
44146
27844
127032
50425
73944
111164
88742
126919
2639
71121
99998
65588
78794
123753
52227
77576
79491
118081
75289
39084
39519
30762
43537
48491
74894
13397
93095
61964
44672
104371
42891
6063
46229
10064
19609
57874
57228
74915
92495
76033
107239
91395
101813
121041
71857
27560
111371
71391
89541
106154
57945
129066
61414
30977
64620
81588
43052
22744
83909
106780
125404
13172
123370
94929
112834
124335
46851
67907
101653
118283
88744
97954
98743
114888
33198
90083
42128
122851
58116
19372
122369
101041
10913
30321
32037
15492
3351
113478
81139
22188
78219
60766
111044
118818
75862
85995
39138
71454
46793
31086
9190
70838
30107
123500
20038
52711
121016
97860
54624
124586
127519
124026
54608
122978
36051
79714
63901
86795
78931
33778
123446
26621
35298
32101
117549
116506
92708
116704
83067
83031
85841
103516
63250
101233
82238
98904
47860
74421
55512
47544
43840
18446
84494
110527
20133
103932
66884
77646
103493
104827
63523
119650
50545
41219
116964
121851
130581
84271
12240
92235
118830
11489
119433
87608
75690
90231
106680
32319
48817
49160
76183
8201
27553
123066
28063
38170
96599
106368
38706
51804
71173
36742
85946
111347
112824
110120
126359
107471
68840
46787
102733
21846
109582
52050
90188
131810
58739
49616
9073
108685
57799
41079
60720
43686
93797
64531
26712
124238
28859
36739
18934
67304
94291
118529
62056
126286
29614
103907
109471
93208
83524
89252
124521
92051
85753
120957
129376
86170
101393
76852
102119
83060
119023
63908
94904
49737
70451
63146
17873
38780
11531
55368
96598
77650
91680
108363
110168
115476
66664
2921
120421
118802
98684
48813
30628
16678
13430
123860
121854
46385
37031
70021
8740
52669
118406
5576
89884
70139
113777
83605
46462
78650
86056
100860
120472
86999
78013
108736
100504
14806
25307
120945
129138
115841
95869
63173
10937
109766
19665
77420
3263
96467
82064
57047
130219
112756
17152
6566
13921
118903
58553
23179
34785
31649
91288
10099
47292
101988
87773
91588
32594
112661
26226
64326
10977
124478
65694
87416
99311
84147
26854
81639
121540
105971
60019
77435
80063
46274
51023
68366
50701
55384
104198
55334
71192
65228
64110
6221
97242
100956
56931
71151
79043
115289
27524
103727
92172
26729
127598
99577
91702
85132
90913
105934
30086
87190
26057
7101
87330
129788
106487
16067
51803
39892
17527
20573
428
90160
30068
126187
100127
35661
120193
105114
94563
98678
91223
21922
81748
100843
102143
52190
74399
61560
97962
120680
22211
99546
93015
44495
63095
8633
89020
113342
108655
87023
92498
127448
126168
115961
70944
80543
46468
35860
122717
112779
125584
110583
9911
39648
43187
51937
12789
125955
93929
89657
89437
77725
79444
116334
30126
91529
3686
31627
34926
89113
71345
21099
112971
78007
66836
100824
30670
16427
87956
110518
75393
45530
53636
53561
80704
36654
118011
64104
60676
54986
49725
100374
92201
87652
10140
19019
12012
119136
41564
64913
52797
112067
83507
97400
83303
48152
17544
78137
56362
63683
103116
124250
112843
64343
49968
30732
70954
91593
35285
103095
111569
117188
78109
39896
84805
12526
124637
83220
119458
92087
12229
36984
110326
67315
100749
85071
12473
47110
113806
17796
120639
54260
53182
106821
51584
26647
24335
81129
73293
128249
128895
7866
47309
103573
96064
51041
130994
100691
50722
37152
10447
70815
79574
20117
70011
16465
102552
102060
39021
47226
120403
86915
58619
55550
65048
34929
107176
116093
38647
10777
99903
66765
121608
76480
68992
58604
73351
5329
99948
121991
99208
62361
9693
125279
120774
122957
126950
126749
128519
126535
104477
129889
87194
36054
94509
120652
19935
50952
7200
13061
59488
86753
85113
117138
91266
110732
6010
113346
80389
79847
26705
79820
79204
13912
67366
103956
93411
55566
57466
125819
123481
23993
37857
68777
109499
13314
127942
91400
54617
102442
71001
116361
77562
127402
131039
113856
18352
58190
121834
111400
29457
57510
51797
43646
91637
73945
41961
79281
117248
88559
56962
76704
113831
27739
78686
83575
92581
107155
107227
112171
49613
18223
64961
85619
63972
40590
96368
70906
45142
7747
17371
75675
106381
7496
91414
25575
113065
75058
83798
27059
21487
50666
26873
88466
128189
30834
91268
114024
52904
59571
109623
31889
54385
5506
73899
83174
77903
108636
92349
123548
96069
60218
17797
106980
30881
12328
93918
58172
77386
76223
111867
128619
100107
95659
39598
104327
15947
101321
30414
91024
15810
104058
6496
50804
73376
17634
125974
105438
95781
128410
89189
124641
43583
54171
65834
51857
82683
129046
107493
61315
85344
122565
101652
68729
86059
83659
97869
35353
82689
85881
10311
31882
28070
61897
62164
78593
7057
66557
60822
84212
53449
124393
69548
124582
65309
75215
96311
75409
130401
117696
116487
79017
109687
101786
3925
34010
82289
79059
120459
30429
92294
96532
87231
98873
104635
9165
53754
3809
122867
10844
45736
70886
81190
104601
124073
131806
34233
98799
61190
22494
97678
115519
111054
35122
65388
23642
64345
47979
23872
125760
62934
60308
88138
120084
55249
109691
120641
22912
27346
99336
27383
49562
83990
101209
4920
95064
103020
8981
121981
83058
7917
112211
83613
105710
40697
113050
91921
79350
85698
51461
64973
89410
41468
99224
119591
96536
87699
14725
50657
88108
86432
105638
71227
81993
24838
47187
113522
84452
34870
70867
2210
119078
50877
108803
55753
86297
103924
104492
31145
124554
83073
52990
110775
32504
12456
109437
16364
81377
102124
110975
38006
65112
70434
78165
77736
101056
79412
69398
45840
47806
112479
104576
100161
92937
78965
33697
107539
64654
131044
99547
46091
117276
98311
46182
128851
53153
27750
16570
128101
69707
78537
56537
45952
27556
73825
13412
101099
123856
67699
92455
43923
130123
53348
59343
7703
105794
82725
4053
121474
124642
5912
92899
77657
112489
36809
104839
70540
111571
114215
75530
94265
46041
90300
15736
117927
1882
52207
86673
46566
86950
85144
38357
51061
39701
95710
128186
77274
45456
65699
41302
87639
80470
75518
104737
10715
94779
118455
49095
114554
73766
125401
79899
112223
102006
76925
62520
47017
101276
108070
124056
83345
116267
89751
35969
69015
115479
94508
21394
106997
90068
101306
47416
77007
25265
123599
111412
67641
117648
78489
3702
66408
123995
36027
30968
122510
34054
46424
127586
17691
110290
84207
88922
85910
32462
20959
120063
73849
79912
111967
41228
92580
108553
74088
84947
118614
54964
28822
88591
123697
51124
116121
35773
67552
77581
120435
108969
94583
30841
22237
75710
79948
74908
124658
40999
71327
26855
3759
75686
85764
121375
126292
77335
1170
64498
23450
109228
34931
118429
122016
41210
125918
30378
33154
42578
125410
22556
120629
79440
82262
125002
111207
76576
115223
28554
8880
82102
4016
113611
38466
723
87582
102974
121543
18357
34962
37912
62339
57838
118080
47512
74718
65960
121450
102963
26254
118120
82441
35516
127413
30842
9201
80217
30751
62017
115888
57601
117759
54601
71385
103850
51385
70519
77531
38399
18238
52657
46264
45457
80058
85345
30753
100196
81739
118797
79528
124000
115243
91106
57993
41257
125828
97714
56790
121349
45987
88773
105668
55583
105982
78316
99458
70202
33316
22286
112992
96251
64793
130725
27961
128007
2141
106272
64655
98962
3576
91110
48835
108970
53916
103011
46386
58716
34908
60489
19933
84297
87297
21592
61481
40786
71231
10705
37369
41227
86896
54575
28713
19423
54781
116042
12904
58521
18953
51284
57280
97007
68376
67187
90139
52122
91730
34348
48582
106440
26861
38168
4340
84225
65698
118737
115666
22864
109990
122204
97311
123226
1842
22685
34226
100724
109699
44522
85791
104987
120576
88402
29742
103081
119999
1320
45533
45607
36793
75275
15598
73437
108400
91807
126520
33516
86959
72713
104439
43012
128693
120012
44977
94339
15032
83515
53703
26797
35641
85226
109438
57812
98323
33782
128056
36433
25639
36552
23084
82603
40428
129888
4769
53942
57262
103405
66649
88931
71007
98480
104968
85779
117833
85815
81481
94642
87371
76918
124648
129570
122596
113370
41237
89935
49455
50051
60113
128598
7726
56087
121673
59595
11535
78614
109933
66138
52054
72659
100622
24787
30705
56468
130329
883
113353
53484
107856
91269
81383
49666
21631
43276
105235
24116
127524
88789
127480
100971
118345
106356
50801
21410
44385
82286
110177
39672
117610
116973
104806
93542
118048
78107
109534
96231
88322
118627
92394
67003
120709
63047
38088
60317
124515
8730
119855
54573
53720
116577
90899
118476
91548
110916
116460
591
118400
40857
26694
90993
7702
100221
104517
95509
149
57594
32738
116504
23396
80403
51140
26867
35724
20753
79848
33230
48976
91139
74236
39417
66086
76922
29733
118489
28637
107381
69603
89750
82460
101097
89902
19369
27033
75825
41827
6241
5240
88879
121657
70445
46268
129710
122142
14351
122597
29374
47791
105586
37702
105936
40242
77577
37356
88299
10204
107541
55172
64349
103744
34024
110218
37979
128080
60105
47227
30276
120239
78178
50648
57647
118157
124694
65465
54517
77779
118523
3186
38436
91535
30681
116
66184
82799
66417
38292
46840
126124
93763
9957
56068
116569
119101
45201
11330
93960
86317
100341
100807
12278
116194
74588
61621
98326
50394
21447
122578
114281
104740
83306
114219
54951
75727
10652
88113
61214
507
125996
46822
98091
14306
113288
30859
75670
107591
65825
129692
21996
105996
100506
122157
121733
106540
127381
82654
58191
20941
126803
118138
68837
85160
55667
16791
93736
52795
61255
65462
115979
108664
47396
1192
63176
61434
16105
91388
120860
97460
30766
121068
15109
43476
88289
94110
119588
122612
39265
92385
63160
58788
41566
22197
34869
92517
125366
104662
113284
80316
91277
36671
83639
105717
40729
97749
20026
89378
7446
124224
112149
111847
69661
68017
123980
53553
36392
97373
130067
100821
98735
113174
78591
96259
104505
15117
36240
100367
88377
19180
52233
131552
123250
19420
110673
111168
119559
101116
3468
117661
73292
127650
13767
41602
69625
100558
62912
18323
108608
107547
99378
82625
122924
128016
121174
42530
27725
87746
84778
97701
128033
75440
35994
91663
77683
118482
123414
74091
73266
127507
22152
13685
117253
90837
36026
91752
62301
115379
115651
120705
88091
99966
77669
104745
83431
100728
62814
65412
93396
105207
102278
98551
102865
10833
127764
81823
94711
22065
121217
75410
119514
76513
47183
114225
49239
49599
65616
112263
3733
13518
76421
27372
86303
90309
111316
123993
84333
71064
113456
119594
115086
78753
108074
70347
65729
89457
91589
23689
84619
85684
99944
77513
67179
125959
30207
73190
37195
35959
84184
125713
13049
11995
62700
111645
113192
123761
130929
107742
65940
110987
19985
35203
2235
438
16033
121546
125605
105597
107648
29687
97184
109934
45636
71597
35816
102496
129352
100929
14453
66911
106659
21594
41033
120355
54511
94648
80219
94206
32887
35525
116399
38626
33497
112104
126329
81697
130543
26079
109693
112403
4079
63899
94568
96865
64938
61249
49758
115406
111829
67812
6955
47257
1352
15970
97652
117694
3033
10539
41684
15277
18864
121022
24764
221
35769
119533
123355
119326
30294
20850
33709
89092
49576
37206
80435
129805
34901
91603
34112
8077
14219
64249
85866
105876
18940
111922
26900
79372
74392
28746
86608
68327
37762
114113
123461
80074
129810
16057
52483
75626
122011
58777
107640
82201
66093
59965
5132
118351
38892
50074
5857
41407
61513
40280
81406
31788
62147
86661
89309
93222
40418
22182
69087
83159
124738
121058
114103
27084
27079
54038
100913
32242
124314
47316
16672
44521
74928
70692
8742
121044
10470
81215
74133
118498
91997
83596
106986
56296
67022
91630
119055
31665
116709
85691
118657
95894
41874
16689
106761
38388
8839
47808
100589
88106
50360
103667
78064
103448
298
90288
128010
49305
5945
77436
52430
57513
108653
122959
93970
42214
12551
114271
130783
114954
79943
8222
92222
93437
27451
95137
111924
113100
54735
108356
17979
31880
97220
88530
115346
114264
102007
117074
63192
16060
99040
83152
4324
82118
30130
60391
98322
119969
89681
98482
49034
30463
110687
103982
129324
30541
113002
36714
98601
59810
54994
91549
67624
125744
50447
35876
18902
41723
19130
13620
54634
128825
6682
16088
93402
97802
15482
128609
26874
94939
92757
116943
68356
23013
130287
89238
125604
37483
70562
81860
37642
124392
65764
10984
98717
91616
10710
19351
25313
113006
6551
22483
109325
103769
97937
124572
78572
58546
55098
8971
76286
6321
29838
69629
30765
19669
75829
125128
118948
122553
120264
88203
114162
51808
116809
65553
94550
25484
24971
7219
50716
14756
26481
96652
59009
40136
123717
84326
47760
110323
108448
112345
40635
39050
38181
89459
24373
63989
88169
90335
103970
36879
93490
26894
25713
36055
106352
23860
100861
71148
98024
67860
93724
127482
99846
124779
71907
106706
85478
25193
25584
38587
17179
79850
81300
126715
77138
88447
29305
22447
42483
126375
95862
73181
108188
80495
59769
109235
64150
64539
87822
89270
112777
105034
129786
81760
45565
56494
92699
30691
64698
104550
37461
64157
112219
25531
124838
78112
43532
85485
101146
52970
73005
88427
84524
41340
43974
119058
93603
111502
110249
53337
27086
18526
5626
121815
44301
98769
122348
27316
101921
37321
7759
5783
39762
114566
91213
55518
102420
110381
42361
107339
116996
79316
48920
111935
70124
8941
116127
118978
17694
116639
14406
120596
87625
84035
9818
38041
59647
37552
129638
116922
81253
108412
64202
29773
124274
83939
119255
98115
9931
33172
8883
121282
55688
45302
68472
111939
79875
32013
102820
52564
43978
31195
128264
69416
109425
100883
94049
60118
69066
66294
87827
110961
110286
2687
86600
127641
131015
45245
2127
89533
82509
20817
46985
126339
87902
121912
102903
126394
45800
6083
101678
116875
71205
90662
45827
56715
91318
63275
22302
126316
87791
81394
86696
69070
97930
15138
20045
112849
65436
55934
63196
27935
130719
51239
122508
4386
97178
85954
33565
44090
26618
87133
117525
122123
86195
9919
91333
39046
131812
79153
78194
118217
30511
75137
39419
124517
95065
91006
49327
65535
89383
116443
117452
114635
121586
80167
102962
43355
38138
6731
123764
9429
90623
91871
87534
103328
81968
75876
85228
35995
83614
74710
79864
117077
45153
109257
78067
122524
25069
73933
103639
105123
126250
2318
1050
26409
40504
73011
10449
19591
117355
76474
79920
1626
116638
978
62192
36958
126273
105210
116613
61252
18731
35934
96868
88537
113330
23623
76414
31785
35360
92706
26147
95203
89215
117817
114366
89164
99344
88336
69709
1099
37470
59885
45339
51142
80611
73017
97939
114484
93155
102163
117067
83283
78743
42699
49176
127352
53411
98035
86691
12355
81243
47999
103133
124923
14371
125929
116502
64592
36104
79868
46874
38662
36994
41569
105592
85896
96676
91344
21736
127135
103157
121949
9775
80949
78934
115482
123572
90590
52145
73516
126436
87427
111696
35208
70805
76568
46816
103631
106066
77566
105368
8800
127898
71088
66689
22461
123247
28104
105745
124875
9581
61268
75839
75617
45258
85996
6141
45121
74685
52155
122828
118398
122431
74097
30984
112043
27984
122205
13272
39363
106383
99934
39603
38545
82974
5773
48804
75389
9131
83986
58115
128442
64484
109616
81417
119396
90567
82545
130695
90368
118660
82901
84295
58299
29976
78323
41063
82875
79010
69113
34491
92323
112159
22872
51713
130639
80162
124741
82313
112685
97979
54993
110494
125288
9531
55926
122491
107133
108478
8455
40869
28613
128706
121273
46138
71191
116320
119342
75116
45940
99228
86157
117874
88946
77536
121470
13824
113455
85708
130351
84934
107963
32226
103738
63601
108518
58755
83225
124576
119257
78638
119063
57906
72974
110493
97299
13387
117743
55082
17443
91467
73201
128112
128963
113117
51431
9007
123609
33761
36383
44671
112960
94330
106007
90146
33483
71018
55795
73046
91906
118858
93075
70462
75004
97209
94476
20818
93039
111038
12958
104860
129343
64333
19415
75979
93293
4774
101156
125502
95671
127443
116332
104803
34342
21540
50521
80093
102735
16901
44189
106933
123205
43294
88096
88630
106856
22159
91394
109964
102834
104088
123144
56126
118321
86581
56076
58757
69404
27165
16605
93052
94514
115958
113013
105284
50404
125066
46747
106606
63990
44978
96127
19854
50403
87090
119351
108179
52859
113039
83461
5926
32428
98012
97590
17950
76334
60855
100800
80767
60291
101602
104940
78367
86488
51546
109188
112914
128320
104943
67967
101984
70443
3127
43021
85357
105850
94598
14036
126970
81607
23444
44409
59854
83561
70656
107735
106643
122907
45451
45265
26156
79261
99833
98439
84379
107974
63365
31064
32526
55203
45218
121852
114076
75500
17867
22907
42292
39473
76884
115048
62365
52453
57421
64988
23841
101374
86206
65489
71447
40715
105519
9108
42034
99218
112448
52161
40725
42165
30572
127083
84814
30106
33011
128883
38074
110630
63896
113988
15718
101360
18203
90293
64657
52936
6789
101102
55870
91566
71584
78576
81960
102727
53126
49163
118197
117737
8672
92931
87556
113728
73499
24768
52186
98343
16803
78429
113044
85233
110605
84272
89162
114502
91383
60483
38453
22524
51201
104830
103779
100592
111660
98135
98057
103270
59594
4483
126336
80135
59475
10889
64786
27074
108062
105365
112965
32861
90402
107552
63296
18253
122767
28950
61561
64678
73778
40419
100953
29597
112614
16648
52613
115100
119131
74104
74138
114513
46784
122689
114488
89243
98975
108136
27034
61289
51730
41917
75795
103026
83013
103592
71786
123087
119486
61099
25477
126384
49536
95372
10241
105540
129681
89082
68361
121177
123655
48242
3528
92457
65664
118575
68594
45698
101549
109319
43014
116530
28260
120092
131369
110508
29772
95180
46243
75507
64447
7697
77248
33063
58674
56957
102753
101819
85203
18642
86132
37419
5920
91965
41856
77870
38841
90502
70485
85830
18728
82618
55127
34357
102244
24663
60683
115066
126510
89912
121454
130964
131112
14470
87433
36934
112070
90369
112261
76624
56187
84238
77508
93830
29007
11916
72649
111014
76608
73528
81388
91094
93678
67429
78317
14167
112436
16692
40219
48661
112637
126077
5473
65557
124219
93431
74404
100984
84982
79951
21702
92206
50990
56355
69742
78347
83255
94440
49419
126642
94402
45272
19149
37319
34057
101182
95194
102711
116952
99304
49905
30655
76215
126705
109311
73924
58544
41626
55723
114345
104705
74947
59406
96571
88666
108921
87676
19035
115084
76428
111452
88696
125505
115917
7723
27971
10244
74913
80336
73802
96544
46935
23439
94989
113721
120782
93419
39375
113253
28067
13775
114839
1058
34396
95272
92350
75278
121941
96940
62986
86633
88504
64903
17937
74731
106236
83254
15949
61251
90491
123240
121550
37782
127821
119334
43757
105918
97433
50221
105317
102835
85232
39975
51301
115881
99425
9598
81121
76524
83341
47962
82045
92685
125362
73736
106286
116945
110512
115562
124575
63089
113772
93967
44396
119116
56557
71461
21067
40616
39234
55332
23832
92633
83165
4761
55377
19082
53862
5476
93992
85074
116370
114172
66926
70282
8459
103945
84226
99317
46186
42691
79994
6427
98487
55750
34682
103306
61499
81169
24781
74464
117433
7690
51291
90732
116826
101788
90291
3756
86942
23983
119290
114591
65540
64875
100621
91112
89084
78260
12287
53397
118951
89597
71
14310
90517
123723
33306
73384
54335
97481
55733
10824
86771
131253
10585
85129
39835
60262
93954
23207
47294
52042
31855
125683
112590
116241
61754
88430
111384
94065
39476
85165
104278
1345
125612
10383
98018
5812
129399
104166
3933
123735
106228
114932
116524
118804
72841
42324
96024
40847
24263
44951
44853
130854
46157
112540
86152
27720
105967
100635
45564
109184
105726
74322
94060
56319
110495
115311
111061
116920
123322
93717
19890
68538
60013
85319
12270
96301
51193
51909
110283
97425
32964
105825
124358
103637
112995
120969
36352
78156
85736
81566
99844
106181
90219
127989
87466
77803
76084
74666
124208
43059
86079
127109
109373
100344
82969
103979
19458
22665
39924
118842
38522
10121
67698
100839
96080
65572
79999
34706
73245
78776
92041
79359
100773
102889
121096
116036
31315
97868
25929
3031
10609
31313
46683
1034
70732
35297
109967
64816
82917
25620
54475
102083
121186
129201
64595
89676
92050
117718
122833
131775
70990
126792
25755
67500
67025
100097
87883
90983
23756
99952
11322
94069
113913
105950
10771
35943
113125
112202
55020
11180
113295
29515
41603
104346
103968
23878
71396
49706
97503
14495
130634
12874
123807
10776
104144
91226
73638
70595
9427
89689
35623
47473
92732
223
78045
98740
13103
107947
64677
126287
87368
49246
120852
49193
6954
27022
93309
51550
119120
80944
125832
88868
124806
79523
127508
95760
59579
74303
115820
77882
81133
110563
124131
21937
89409
128289
16388
113026
101629
124438
88433
83812
126759
5067
79057
83800
22507
84289
24654
118403
44160
36876
90244
12427
130597
53268
63439
115590
68270
71340
45231
126621
6191
66194
36278
83321
78008
51079
62551
126983
79645
34917
125817
10427
119709
53709
129676
82847
77867
115577
83501
97110
115692
63105
44386
69600
106556
48095
105334
65610
95571
52074
16277
69534
80947
111624
105632
45449
125942
102206
92720
128134
75131
46944
71552
89626
63388
101599
97402
74949
113429
81421
47344
19657
7971
101188
106621
2155
40592
36478
95295
94738
129938
127045
104700
45402
5860
107818
50353
91190
55300
84401
34813
20788
54743
101141
68466
79048
62925
73495
50364
649
12785
74325
1227
2575
91031
31872
91964
103064
68956
108945
53653
94791
23493
30851
123458
27614
76255
42907
2461
38533
118337
31939
31011
80895
39750
35865
20118
115242
101609
118934
42954
11341
107378
110410
74459
77301
121302
93184
39630
28896
57357
28886
70733
2555
79186
99177
77932
86640
9111
78506
93607
79740
95719
76023
120630
95990
101019
101822
127322
73955
40688
54449
105402
123411
81889
127238
88180
127318
96798
60171
77684
104226
104848
50571
79680
69643
80444
104536
41467
381
54452
100603
127228
117633
36019
8982
101376
63956
68997
13088
93729
50097
84436
82337
73901
112259
85385
23795
51147
21579
19783
102127
36255
119541
32559
58366
95823
101337
90262
99990
116547
121040
10858
96994
95091
103527
93919
11818
54348
91018
65906
48399
70228
11214
36853
39666
78296
58048
63243
74043
94930
44220
58940
116939
4206
98466
18132
115997
84583
51487
120572
107899
21028
93920
46491
112975
43015
54654
117836
93914
101535
94164
124317
89008
31053
120752
47248
125123
25498
82352
122329
57554
129085
42238
50079
44516
69946
77570
4074
85466
78422
97013
124078
65571
35681
42015
67112
102440
87856
8864
19062
54731
106088
47057
120811
80658
80669
57254
103237
47993
26199
26587
94216
91945
34830
23701
105356
109207
94539
111921
70688
92727
90505
77859
89320
1085
121225
95670
31088
18220
53125
76660
126561
99979
49659
84221
92281
100788
76752
55830
126396
122656
60769
30164
116348
95696
120078
110662
55665
82531
80261
48281
101268
67149
128803
37671
121396
47697
100497
77284
75922
33507
8729
5299
111983
32200
27964
5924
79130
60276
62527
77818
53302
54757
113742
68833
74945
117079
112290
39674
62688
86286
1805
116671
106872
120996
10696
79950
16466
113832
118421
77152
127776
12945
108808
31270
88573
129595
93167
45008
26916
53806
75779
63937
24690
118502
131634
64659
88126
64161
36688
117403
