67207
121984
12554
45479
63306
126539
69253
86233
7625
17083
63707
34117
45076
5640
122259
51168
38962
34446
67167
65941
22175
130864
123489
11356
25502
5413
24484
33455
105264
37270
36081
6434
118954
66821
15069
78039
17251
72293
35431
121260
100039
87091
77240
41668
60795
131202
80457
115610
59284
514
28503
30177
127148
112659
42103
1304
21445
111362
93972
106024
24898
74950
101703
8986
18170
100663
83534
55445
15641
48747
25078
43169
30992
42712
100182
26318
48131
88513
37460
92155
79180
29999
10959
131197
60225
26509
5550
57105
122680
93596
64902
34648
96349
82387
24743
12055
67923
60645
12359
14383
12842
105092
67749
44354
31375
21366
56791
25436
11291
100022
52359
44283
83595
53039
96970
66429
76912
44607
110058
71291
104774
46982
48514
17891
10524
102445
94500
47822
6523
42115
59944
52462
74880
8167
119834
64679
129105
44536
21642
38435
10863
85121
34125
83051
69826
124809
72888
58926
14094
131355
66273
31418
15055
3845
28694
28167
98176
27536
72273
77126
49750
88620
82970
8009
16311
65884
68613
76723
41382
74619
28036
19654
23584
28654
46017
60935
36919
35750
89605
86687
49371
23568
78265
23016
17148
14102
50754
130896
26901
59295
120512
31909
34209
69577
43803
57465
12778
16180
124409
52890
3189
99191
103944
1838
105502
71188
53508
17805
30555
65008
25685
16131
20201
44641
99869
17506
65713
14178
60687
129845
19057
125663
129838
3711
112117
11931
52532
55029
84607
87006
47251
2095
71668
95838
100697
44474
29423
62917
122264
11834
37038
57140
59129
116831
20554
95554
30393
111540
7368
55996
57214
16041
67180
83449
129106
26257
59519
61665
37544
118255
37067
27865
27142
104197
94302
51658
19768
77297
104747
59351
46872
67244
131029
130438
106417
51891
105801
38994
144
130206
129484
128121
16090
59123
13576
130288
47603
15146
28205
59165
3012
130413
118998
4166
66241
58227
55778
29504
28154
51130
88673
129347
26624
15893
42413
76739
12049
16709
58929
117094
22698
27970
3762
30181
7974
99223
48900
68874
55752
12243
53426
67288
20208
47802
47444
76383
100441
123249
80072
88283
42114
58782
60250
40755
11120
6075
20341
46108
1682
60213
93805
129606
68233
66523
56904
121259
96789
24722
3807
69714
63438
26611
43146
50109
129778
102054
27418
109875
71551
2683
93440
125824
47489
15557
57230
15809
106922
74112
67229
130
62822
129430
47287
21777
111100
107758
96411
99341
877
93140
6990
5158
48909
39150
13849
74016
50461
65313
104802
99346
25072
57014
52466
68201
44957
102156
44432
48686
6556
36831
75738
18904
8510
43510
44652
29491
95724
12031
70376
7830
3692
105848
89792
24919
113805
16210
13826
131393
28829
66720
62992
11289
48770
2049
52717
34969
37860
40300
43067
48395
97502
58621
34049
129258
74709
21805
66199
2281
59855
62993
16670
62542
70129
7529
72473
26751
79047
81667
60866
67727
89536
33886
6111
72643
16848
120195
126026
21061
64277
106975
102979
16945
7363
15751
39198
41255
130891
35376
31821
5895
64489
122495
26644
39184
29267
4868
95870
99724
50617
23265
27853
52692
47385
131820
67980
56291
117722
74620
38274
84614
4711
41439
109231
18096
77671
34557
10545
56259
130802
110149
71620
109827
12297
52017
55466
33551
116453
95266
34132
84219
87236
125782
88198
65958
75924
104557
4987
29919
58291
21437
11787
28527
65214
55350
103743
44447
42853
105704
108528
78471
64003
22729
49427
108401
24501
59553
131176
130000
51484
51438
23992
70
107705
64697
57939
105805
74837
28833
75154
95293
66403
2960
43795
64733
4444
4624
18197
82043
41196
97821
22780
117002
19165
8766
23541
28691
20566
97615
67677
15422
46426
24147
35931
68289
5083
5902
28417
57001
103142
82559
130648
5490
90911
46797
61839
52315
88622
1131
16574
74223
3200
3572
72167
696
75695
62345
79396
4613
52277
13383
118490
54422
72545
127266
43811
32890
105095
62916
75915
128682
30372
95168
14204
62559
65761
19615
124195
35678
87066
97634
82487
65826
11224
84426
41436
113853
123293
68096
34996
41055
20346
84974
23573
46774
24786
2689
77910
22653
99843
31271
29915
98215
18609
19249
32966
15888
94199
64365
118943
25026
111872
123051
28420
68824
28274
109357
107650
24605
78278
27562
42579
15145
5889
70386
24073
74117
68900
28387
29138
16990
36881
64195
12616
43186
22084
74116
42549
33995
383
28552
79537
71698
102653
77716
5000
131153
11122
42306
68687
1381
63830
110110
59889
87765
15608
18712
72848
93733
65534
17771
74649
62272
35923
48526
70380
18221
2449
28712
90894
60830
62399
69222
23319
124293
103876
43011
40085
19103
39795
48290
74836
98435
29735
29852
8025
27541
125271
12888
20466
60945
7929
24281
58479
32127
71582
41902
123923
80018
71986
85615
20146
19133
78262
105325
13085
79322
63690
128823
59622
7255
93325
14360
57776
62567
36126
32081
82392
128274
15286
74257
25789
18485
72183
55347
35119
63821
13543
51712
111602
97344
22265
29528
82120
14097
94327
20865
41923
87882
73691
5226
7910
63508
52455
44312
9175
55437
72427
18533
23420
93165
27180
89228
13825
21485
93949
72109
7623
107305
65565
8771
96298
5740
11804
38060
30182
58632
5739
37229
24104
53442
45189
28192
32687
18740
121704
80235
50794
91701
20433
77093
44426
16045
22013
16939
76147
11823
78148
119842
60181
65639
93231
12608
71979
122516
75982
56611
39208
29075
11504
76503
53927
96451
106194
120242
127827
84547
121254
13988
44692
17403
40862
128405
101088
114893
3544
125688
60270
75844
127491
574
31711
4147
21966
90884
9385
16141
33675
28903
28099
74840
56943
33568
12694
40165
45450
118925
34953
27926
31417
38512
3325
117843
57224
24539
55847
63259
19441
58292
103232
26691
36171
34876
69816
100072
19916
19011
97442
83537
32831
70321
101997
97410
21085
79508
85681
14666
117488
85811
27035
92675
13313
60344
13013
45078
69039
16264
22090
43391
657
51832
90027
39852
79063
8210
113225
124496
7953
17566
1867
28368
28428
7602
7810
18281
49624
131455
64604
95369
21420
58661
63367
99079
36185
53466
40900
26216
30286
98942
10755
101955
70221
54180
8568
66111
77120
27680
57862
45879
35269
113768
88857
35191
25450
8663
24720
86276
104271
67972
27721
49307
65203
56148
57754
46580
20231
54217
81002
81184
71277
31721
20419
111174
73358
23252
2779
71490
39497
50810
65589
11860
119417
51105
66700
10186
30837
89832
5778
77890
11058
36140
58790
47862
83871
4336
2656
56744
2501
106712
94596
107622
72835
94627
22909
126243
30180
58356
24932
60134
32280
6613
104406
7636
15446
29909
122447
28199
38658
55668
106639
13682
30866
89743
39902
37666
45060
64893
8637
21748
3506
80844
106913
83264
20431
52887
4921
62290
9752
129134
38677
95588
19870
42140
64873
83877
71666
109125
38661
11761
30477
7595
11870
54369
101814
29582
83358
24793
75053
18174
123352
100371
48044
22790
11198
24529
121457
122048
913
3703
30947
108979
50729
129118
38817
40318
42822
100935
108337
70258
1758
1190
11605
12191
117630
5819
3227
10396
38794
32852
104989
56106
4865
27171
30789
54869
51570
8550
107294
62783
24223
16212
64607
120489
44260
28125
123295
13885
8489
126083
107052
3185
30495
3985
74496
55563
131335
47229
49976
129174
44108
130857
51200
59606
75563
70826
7128
125855
8599
20496
29275
32460
25085
84466
42589
97861
7646
38550
8055
96144
38314
66282
18629
131268
40310
9545
21137
118031
81097
131416
110064
131277
110616
61515
70911
56759
43065
54361
103919
123685
46525
93046
32845
110109
113761
129665
57974
96578
29874
61865
20209
45239
73028
29853
98038
9348
106271
54968
19746
11619
42231
27073
21522
59007
111076
115438
51747
58982
65288
557
44973
106328
55813
22645
850
101242
55449
87907
10827
24596
82642
102065
67079
106574
129220
28130
32333
8142
12717
18131
120563
50316
42561
90060
12569
52826
26718
58760
125242
48986
28981
24005
42957
111669
57650
18540
64130
107693
24112
115356
65497
63859
127610
4347
112022
4046
124119
17155
8020
96603
68285
102823
57062
35028
59144
71814
13151
60674
29225
68154
20400
108856
64037
35088
56516
57759
92003
48624
8008
107045
61829
44209
114916
58406
14244
131344
22426
74835
11646
70942
58919
75592
3379
58338
46010
66918
30348
106709
47542
79785
38300
111506
6298
9144
44631
54114
70022
100114
10804
31970
35299
58015
17334
65987
37938
43421
4060
12567
35718
131336
64208
129150
53896
4976
118101
83887
31982
30266
111491
5264
49241
2312
8687
46387
109988
97872
53115
8405
115614
91556
114752
125979
36258
104143
74693
46943
2203
51190
16296
79399
19478
130903
34210
31137
45225
61502
37150
52104
60787
18015
80803
40960
53848
51406
98938
63400
47225
32854
68707
33656
130900
50395
2296
48665
87315
17973
81630
98117
36740
60369
76031
115423
97323
113624
35607
78048
50331
111599
66299
24748
100657
29377
101006
33167
56195
68794
66298
56028
117960
19086
39139
104443
38302
4720
25376
14056
22005
59253
26904
108714
31182
65266
100850
67073
125378
27454
94589
131498
76042
50090
9955
24385
14467
110517
10350
18775
117838
95763
3928
8928
59081
66869
10339
30460
130991
16589
30459
26324
121802
66367
41259
13973
131033
108910
41343
103611
36730
129884
81330
6820
33076
25208
35278
92146
131008
79409
95001
20401
45632
39929
100330
64478
38239
50397
60631
117022
55588
9305
5661
2332
103601
82433
82704
76435
121206
44858
59549
40421
96938
14130
26858
2341
65773
806
63853
57226
71572
9214
26717
128486
115331
62096
76443
34203
118221
11638
59372
6381
87103
101502
354
596
129307
3043
3316
48991
128272
123426
128416
118588
84028
72440
93080
1962
35571
27599
51802
45163
67489
116954
102675
44807
11693
31700
124341
18742
42834
25870
130062
30111
81310
101775
30998
102351
62309
21150
65726
52634
32376
39859
128567
58151
117072
33729
35751
14182
110270
78677
84806
68770
77571
23528
80677
19697
40013
26540
43066
66177
39392
128363
47007
22425
131047
50309
89276
34730
41572
115606
58577
65839
96
103712
50602
72196
21149
32755
39884
47336
64079
48246
78555
76811
50723
18531
9278
1848
29700
79367
58574
54108
112325
14846
71420
30594
15044
29836
75911
116896
34999
23792
79037
14203
55631
98199
97363
9346
68148
129980
50647
98204
114967
2789
5129
124816
4555
24679
3290
121263
46948
65842
59337
93186
21978
19176
93761
40839
11707
88570
36788
88020
110165
61465
96502
120143
63520
101444
43843
71230
2211
122560
53829
5152
33424
8529
2323
4904
82217
67632
54702
19562
22690
117714
48336
2266
130395
1500
70986
56303
109788
35627
73921
103946
127131
5668
14330
22464
38491
6435
74516
13789
45386
86922
21114
97390
47289
69745
80009
131315
12169
18122
84902
63860
8460
9954
3384
34606
11668
72476
37886
339
73038
67123
116818
10006
122736
120861
75581
76694
20002
38422
115947
55965
63764
7863
37019
4513
99119
51638
60587
49870
104995
15877
9933
6611
5147
131358
14384
15758
72996
99585
37700
18252
120059
51480
122182
119983
77191
36674
33301
128886
32298
113542
11642
81496
57468
24672
44720
128636
40161
33671
22862
92184
40956
98399
31753
51096
106937
88173
59690
112419
129296
85899
19164
39726
24130
51765
53831
54888
55124
60938
38866
84311
47306
77124
63010
349
63898
24834
63498
87284
50417
43197
125217
114545
31294
50328
67593
131376
106591
9226
24706
102712
22931
42095
53223
64865
94173
42404
35540
100914
131057
73582
127698
100924
47691
91932
5390
90719
25397
63797
21726
37425
36796
35013
11239
60577
24633
12320
41639
61069
4155
84340
65061
47333
20355
2138
77446
129904
85909
14871
17844
29511
60808
6425
36074
42354
41910
68258
13423
25709
37499
76726
53313
108747
32507
36924
25962
423
44240
36191
69167
68255
79098
31996
1895
86032
107300
25659
111004
39264
66148
14048
85080
32433
62809
104946
22395
56784
110565
46089
45216
30517
102245
12930
115320
78716
50193
98987
27609
102276
24169
57710
38465
50278
86280
19498
41300
102978
18914
75571
129525
118228
113578
128866
120134
96924
70928
4729
75447
23997
3804
72794
96545
29389
21775
43312
113362
80330
90093
53204
13937
50846
1635
80295
98281
108047
51433
10708
70972
62004
5734
50081
11179
42376
8634
57852
69049
18181
60535
10301
469
20078
93945
114640
16984
3939
26678
1501
101301
46263
24161
12170
65795
70388
62534
37759
70035
64728
7279
72944
6884
6994
14546
100483
56649
70324
11914
53011
26775
102165
18957
116783
31556
40780
87320
12165
64471
100036
8770
86033
49424
14493
16787
75745
36029
20907
54664
118023
72202
114384
29503
106543
14628
10189
22401
124540
18213
54499
19032
44168
35240
68895
130098
94883
55427
131209
98526
118411
1826
99671
20106
4667
1734
28590
43220
105387
2834
2658
60660
125775
98869
126702
97153
64818
116425
65282
129061
69264
101639
24494
58849
119511
73221
26111
58775
118402
27289
45115
130901
92162
112790
46722
93633
57826
17690
33123
85398
26206
99046
128956
607
106220
27366
41476
72883
108150
62851
12186
15540
7659
17267
104629
76941
66407
56351
842
48545
210
92807
51678
99320
130785
2242
11548
129434
128171
45125
7719
44622
87940
21683
44786
7999
18651
78478
202
76712
93698
57726
82161
47812
51335
3662
18857
38158
127283
114543
17025
103962
68585
4521
33850
127760
110093
28683
51611
12140
15741
8030
96733
42723
87345
18810
114633
57483
106402
91312
45383
25008
30946
129835
43273
95359
16039
80046
50001
88288
31901
24863
50129
92029
14055
56371
63982
33401
111873
131145
100526
71644
25489
99778
17650
128986
81316
25506
106837
51479
90594
106825
42581
3117
78724
58197
116188
15450
45027
39632
95296
128791
130875
190
22218
19028
96241
28388
116622
15776
53606
26392
109956
40817
63251
12805
87733
100149
110869
105061
93891
12505
12496
86587
13688
94088
131048
68533
30786
125751
89241
103260
16743
26516
9518
9368
103858
39869
59428
8855
126495
49388
25883
119700
64715
16716
15590
16
72077
109831
79408
16294
15216
33289
12284
59259
131536
105705
20979
108081
62801
7644
64984
8995
48881
36452
97360
69870
679
52118
59260
74859
127940
54119
122756
71705
59521
129166
41665
110572
112182
9232
122168
37018
29877
366
39247
22190
128650
47599
130446
6205
123775
73257
63333
42345
62049
9052
53019
68437
116843
19877
95694
70254
72530
2265
8873
47857
116464
27591
97942
59507
2125
70588
95130
8304
11696
76071
33505
113596
58000
15139
131204
2906
13766
67010
130057
14063
61775
79922
117049
87683
26004
10544
1051
57934
24410
119907
122787
52369
72345
112184
2408
43584
81403
72169
16453
9447
58768
66573
8166
103788
16748
15875
26817
67148
98040
3620
48180
52557
56431
39815
108982
60860
33480
32515
22542
58256
37725
70273
10090
69748
129407
108893
8832
24903
104199
129029
14512
51929
28481
43082
83259
20490
120140
27162
87264
67226
4188
2964
21800
20763
14450
5919
23738
123079
26671
108029
91647
13555
67490
99398
116116
15160
14354
84677
38681
86996
72090
12244
8063
117356
78204
19106
67351
113952
115105
10341
24723
38216
24629
41552
50512
6245
12844
114669
31837
24548
8105
90165
72714
27604
5002
98916
11086
80618
108340
87144
57719
2374
73894
19566
76111
32670
28458
48921
46732
72395
97744
17693
22854
80794
34376
60034
42467
53415
109891
101241
68622
3145
15252
28909
122300
94800
30829
53387
26322
1533
128733
44349
125145
119156
119110
121554
44077
15328
3647
102843
45937
6639
17059
27995
102025
10588
9244
56215
5261
4984
50686
96092
89014
125096
90829
74724
78633
30210
53870
47696
36675
22466
130044
51127
119284
127334
104359
8316
12143
73595
6439
15481
20598
47773
18944
101135
19060
95436
131733
34105
51143
55707
112434
107797
6997
95415
70290
1725
73513
17069
83861
31590
82584
31842
54765
35314
24590
5455
5814
30373
110152
37731
82534
67560
18563
12226
36753
2899
127979
40642
34924
18521
117883
45762
58444
46550
10271
38744
58731
263
101657
100820
32066
16851
108576
85241
41239
57307
106320
108373
53473
6100
17674
52176
22954
128219
41122
101940
49106
106149
61779
49429
109440
26046
45053
27214
73318
19364
121473
65819
12966
77626
18501
32450
25931
125383
19634
35887
10832
69132
34345
32002
14105
37694
127161
17130
28312
104293
81763
59631
25303
122189
96048
15514
30823
9238
39683
45772
72779
98285
39120
80355
25309
67607
118577
59862
4157
14942
38598
96674
31180
43659
86555
73186
72438
108440
116135
104574
96549
63260
78905
7233
37902
35799
25696
73480
10007
114168
95911
122813
30885
93778
103481
111501
24717
125620
108259
131750
126648
12429
48174
71616
28649
32018
16760
95556
57823
30774
58600
74720
7023
126601
31231
119988
16025
15672
39827
23570
87461
73075
7752
107452
124847
63235
129655
66772
10523
31884
36021
54195
55620
95475
29821
23288
80254
60481
28023
34647
30154
45217
20110
49347
48418
130159
40936
51588
3340
22540
18991
24747
46601
7549
70250
22513
37885
96227
69275
101029
92156
1690
12235
88748
14670
53201
84697
57093
95980
43842
31496
128685
48112
61211
49920
123745
109758
8474
49416
107935
67984
28639
119603
114716
661
57446
42582
71573
50551
74008
35139
39759
29098
25386
69267
56613
56590
131565
49792
94156
72166
45850
57444
87977
8621
57863
14084
100273
19263
105589
22453
1464
29439
116382
128298
111694
85184
44628
25670
19994
65827
12965
32954
58878
128019
79722
48241
36736
32028
50460
108882
86601
102587
7857
37329
116714
37617
111655
52835
59872
22638
19466
70920
106256
6698
77685
41040
28743
5286
3374
11788
96028
14054
38316
101025
19188
106238
112451
107883
40770
19105
88295
76110
73624
93814
18162
86306
67937
130710
18394
115767
10222
2759
68208
87337
77855
125975
29929
44895
42594
10369
42648
9357
20671
71244
98846
97124
73590
130497
110196
16923
42258
27406
115619
62621
73084
44926
54458
86248
19247
95514
60834
29823
80221
44791
35736
30918
48257
97204
15244
17834
71404
79231
21842
20594
83845
53807
43336
99557
2848
122777
5190
40758
28801
113652
4790
70833
61622
105802
109754
58528
10566
93105
72451
29276
71166
77186
102015
118060
57388
33943
11607
26628
45276
40723
77385
56573
94736
60767
124892
14578
24804
8727
47327
11559
126610
51391
34558
126871
68718
81772
130252
57472
14430
24324
130723
62647
16991
42766
90713
122541
5675
51158
58712
62360
7110
110847
102859
33416
73717
61163
50931
67524
16639
70996
45291
31617
55772
105740
15839
4407
66914
654
56322
23401
51296
60457
95851
105906
19515
117297
12166
55487
103160
24047
75425
13771
130912
17470
37893
29808
15274
125051
102731
86970
9463
111947
36745
28300
18413
60523
55517
35507
73391
121859
35956
48446
121692
87443
20429
45156
120220
52861
3289
70677
80663
98602
28762
45976
97990
35647
10035
19301
76270
66811
76321
55777
96615
54222
21611
99497
9565
35070
104417
111781
20302
2255
108254
25060
46771
5034
84064
86823
35511
72238
27998
66391
1582
37122
34324
113207
3833
58765
46764
35504
24669
62143
63071
130445
67138
79663
29739
74644
32192
58362
6924
12402
25302
102906
5292
35394
44570
85408
1839
123839
13078
117342
44591
3676
43269
113528
101908
71864
45176
11896
19424
17971
129246
7829
78670
25939
52019
74149
74801
1720
62452
2781
19347
87186
45561
77546
37260
89357
18258
63803
12159
87564
71017
69119
18667
99290
9754
30917
5804
43953
21052
26196
66219
72988
20144
18065
11126
127250
59089
108843
38561
44803
112140
65051
72598
61187
55316
45894
19757
47104
48705
59654
44525
15028
120765
33519
76636
45444
67747
46876
28583
131330
111809
72865
67602
59985
118677
38186
3067
46882
68906
39006
71924
129830
56918
99872
73139
63640
18628
94046
29908
46398
62477
27016
32391
90299
95230
88056
5638
80655
35279
94755
51364
82587
15783
114299
14625
70236
16979
103695
53726
27834
33232
74037
20165
129420
23863
81049
125541
4819
5103
43797
54237
3507
55606
32821
45215
116145
2769
28049
83414
72869
66249
52589
79856
4401
32060
105507
14328
64453
36098
9909
97354
82014
32824
131139
131207
69674
29882
95183
12335
8872
64006
55730
69856
74687
3738
39878
35312
101920
10950
63968
42146
16820
98403
122576
24643
55067
40147
30942
67595
130588
70289
27368
22883
49572
39325
109088
62610
5364
25439
8140
68735
29866
71645
43137
70535
78017
28416
120858
108733
88172
5784
34146
100110
34224
80547
45543
70977
95102
19495
13795
22105
122926
103867
96929
70727
92151
109065
28760
41971
68214
124527
87632
7762
91177
96965
22856
29392
126829
115554
100726
75949
46667
100754
4781
57131
31007
18486
98074
78697
109624
1292
80970
12475
54139
55017
96684
25361
32044
31540
72890
58770
58690
12488
60089
65350
79991
5963
1119
112088
14978
1646
37743
81562
124497
64005
15895
60353
53106
20507
19875
92834
97249
3322
34796
64473
118950
59250
86737
113918
37292
44836
5141
46832
3844
64159
7339
37623
12319
118806
93779
12656
65590
123039
29533
48237
36233
48093
122352
21833
124266
58143
26777
16030
47431
48743
17984
129532
18051
17299
39744
31594
52623
17379
79401
31741
106774
104148
22347
56184
10636
37567
91490
57150
64572
100467
104079
55695
49926
14579
6676
47445
80637
111755
110131
68402
84077
125438
28796
118678
102355
50756
8703
1498
9820
66754
15205
7661
42570
34234
86516
34104
70603
98000
38226
26306
14790
27297
7879
75123
49982
51018
20360
103141
52006
72587
34779
34722
128903
22639
76779
39627
40439
103389
109799
736
3742
62712
128412
59530
22077
95926
35680
28516
15549
19042
17953
55675
74565
33346
112640
23929
35333
57636
48215
71879
49952
117757
49124
41327
12615
61567
30280
75245
47642
63934
67825
35958
72968
48734
26576
94932
1493
15802
3244
45694
126559
33121
87924
127739
56226
51138
106342
6831
2522
35793
127289
64221
24713
18024
15512
70950
34581
32723
33436
13286
17362
34477
110352
12511
3176
95008
45090
33370
11237
83652
24404
35292
117578
15999
26887
89518
128854
109621
5203
111260
4069
10930
15172
5362
24053
117168
6297
96013
130743
55315
2990
32074
7260
88999
28456
58803
25385
58530
88008
10751
62887
421
24399
33856
13950
67477
14762
120216
43465
31407
34884
123689
98255
115140
107434
48721
26601
48640
59848
14761
10801
127977
80112
59423
123459
46509
24182
100679
68166
63655
101650
65782
60177
76104
103720
5189
5163
68854
1577
108552
121766
48209
2228
39386
49194
102002
62429
76738
130455
5612
17402
26338
96235
18644
5382
49180
28963
78865
28999
112358
69722
62463
95349
15976
51342
73913
114349
67461
124691
3828
37914
43199
2259
26121
8410
65797
6302
69820
10160
20468
88074
109502
72465
123469
5019
107659
3251
40226
131036
42056
98995
28195
69926
27590
126242
17001
65025
84954
66307
94671
38541
7629
27090
71270
68244
70651
103379
34170
127805
43889
10898
29620
56958
102738
72349
32264
122579
20246
56870
51246
26164
73601
12276
57400
113906
50879
105434
55765
22338
265
51308
12854
66679
11022
43722
14179
128797
48450
67194
10693
77338
41859
34655
129221
73811
35914
71398
266
130796
104453
16912
58185
57678
107183
104338
78850
113302
106553
97312
37960
4485
119806
129298
11576
23619
74495
28690
89635
16494
98391
36797
5698
62058
73998
115138
48925
4449
20392
26446
65492
318
26061
121882
4911
59604
20967
30938
93283
9993
75141
3719
116594
30405
62720
6527
8767
27890
41011
129253
71653
4772
32998
93841
105886
64863
124194
53188
69717
100762
74560
15921
72514
3211
2156
40475
76051
35202
17642
130474
33475
32046
47480
42828
101748
45741
48639
37535
1475
46355
73460
28419
16751
88885
43436
61033
33583
21984
129438
63229
109101
16118
126752
53029
74978
43530
75932
125655
34183
128517
4026
38109
50854
77237
22267
126727
16150
57094
49228
68546
55007
50687
107048
87047
1347
32434
53835
66511
60005
16613
47992
58936
18000
112541
37537
47698
88771
58399
118974
60044
70982
59210
67857
114962
19749
102495
100018
4113
120978
54792
30926
30639
27927
9136
8781
14490
68792
71881
14377
96635
56735
74800
18647
3190
47874
10139
18529
75826
43075
26110
19818
43605
79268
65914
130276
116047
74681
72053
49645
97122
32361
93901
40696
66716
51815
117329
33396
65684
4596
10013
13176
99067
119148
95797
74253
101855
70659
89154
104691
126797
96993
75496
14468
1924
3312
22359
7464
2338
34695
5748
131526
1472
65665
23625
6016
67882
99688
21477
116600
47844
4308
51972
59118
62140
5079
28095
22437
58046
61630
56608
45390
95629
103552
81632
85467
45914
42619
12984
104724
41108
126536
130109
17343
16972
60863
15394
10630
35390
19330
123810
15299
46608
92225
60143
69578
20773
118007
31342
38763
47891
11980
96828
13884
70630
129560
61702
52966
18062
46179
5306
14254
32000
70514
4601
23744
5563
85207
27389
52043
6294
97351
8657
100878
59918
130454
8370
7676
37827
129098
38514
127174
67753
22079
68826
20569
60506
70436
37010
4960
8331
55101
112814
95037
82001
36145
50083
31026
76727
42528
80870
28779
118281
25311
28539
45683
102168
35856
18762
3848
105373
36808
69605
61205
84315
115645
41791
95192
896
18618
66666
126194
37996
115344
81629
13105
17670
60216
115575
17750
120003
78944
128288
108683
26397
87055
19880
77405
32581
105920
91291
96408
33790
56605
54506
74440
7901
107226
21287
42545
53874
14499
10033
34848
129396
25764
56138
38340
95116
94945
120259
41052
107523
6906
33752
124064
18347
39502
105456
101722
27944
94085
63405
111537
120265
36800
39722
65858
57060
39772
64354
9267
12455
10098
33323
8338
65404
56053
108727
92033
62522
40661
60549
73399
43329
119388
26579
7586
105407
21193
29379
87847
60445
83732
78768
70291
72204
54500
54682
117877
44232
11817
37649
105412
29604
72423
58121
24621
1742
120841
35509
75400
121402
31301
33984
37120
36253
63261
121107
13281
107084
24480
62243
26256
24152
130009
28374
62639
80559
66620
55218
53920
22217
124864
5760
99968
14588
55319
129994
108488
25493
62326
29895
11385
126929
94481
129530
37191
40302
46368
74986
80744
108372
12318
25234
77589
37275
110042
8967
56099
117680
13350
54811
76869
105955
18677
24366
1403
93259
28460
51380
21815
64204
20611
129573
72954
39207
67016
81734
42478
130969
40091
52592
6276
18102
64764
26209
82951
17692
53432
124921
131063
123625
33270
38885
47029
130690
115130
4565
112909
115531
113046
63551
118299
62222
3866
42783
56720
44228
22546
33209
62438
87656
115588
7142
49853
72200
74683
3670
10429
67966
41071
73738
44545
40732
60477
13852
59843
128990
39466
36175
100366
105747
97272
59258
79387
25543
66098
35138
113312
32625
60065
96983
81376
4599
98269
82927
23676
89559
1334
89760
24185
5939
20218
37095
8854
39624
19465
38989
9699
112420
15592
8225
67918
107825
61047
71976
51365
128926
77396
41293
104956
95501
13462
61870
64468
23856
120161
58472
9049
74774
41627
119268
40401
6340
15262
110574
31296
43154
61875
40799
41247
109742
106441
49830
21656
43738
50426
75958
119919
104570
110879
37874
36315
104173
54351
47066
49925
24273
131311
22493
74119
37644
10954
104475
602
1293
2753
71963
7964
76404
81528
78871
92205
37309
894
10171
104263
108472
36405
128085
1751
102826
28913
95190
48530
26435
8144
16686
121097
8561
14554
108253
77299
73719
74857
40156
31485
17309
42813
45922
51087
51465
52995
35193
17048
24944
7296
24719
17638
58462
119699
120021
31290
120243
29107
122486
15687
45268
83218
94446
68105
68183
67062
29761
100785
45825
109768
110080
107498
53643
62111
16874
78864
6614
97585
69833
13004
109855
54908
27756
44115
67767
42107
30525
39161
41907
4307
70548
131264
30503
11908
64476
18403
57494
9821
14017
36078
188
71977
39352
90720
13565
74668
40240
32816
97591
5105
69052
11026
95454
76964
128338
71256
95150
44568
50315
7525
36995
61375
38097
16116
94863
26615
57083
64940
70705
65321
23365
69608
117720
24824
105012
120213
6546
67084
53676
54491
66729
130782
131424
10283
3250
69114
130255
81605
108956
35776
6093
21413
92347
47810
107460
50750
104990
70269
111486
64713
37144
22990
51787
104632
62928
52309
38607
27197
82872
107837
37832
58664
35938
10374
52403
13821
18337
40544
104367
30785
1676
40427
101198
125224
517
14210
7575
33227
40431
5463
83553
106738
124748
19153
121485
38027
9025
45343
19511
68845
52763
20136
70932
80201
50179
1756
32137
127733
55530
17383
8208
131720
99630
74198
53202
38532
32648
107443
67377
68827
70531
3199
31618
66278
15556
37536
23075
40834
87630
44154
49414
104471
9611
123912
108205
103169
31799
89715
103248
63345
95953
21655
86099
31877
127286
30123
82180
65470
114531
70940
42183
51373
79110
42225
30204
26064
26786
69152
46219
681
62855
11177
54037
44931
92925
103070
34196
68184
106656
119181
104188
116450
26476
89562
20782
72267
36813
74879
118229
2026
30580
34
123106
59996
99575
10187
31247
102239
72348
3830
32943
127906
39738
64829
29440
16243
166
52137
128526
128809
72845
42558
16503
129755
10624
9556
76454
16836
82694
27285
100869
46280
75359
79989
17360
23086
123172
62505
50381
42375
19569
113729
66467
20396
56803
109824
21220
46629
36908
18059
69940
9293
99366
102612
84769
48523
82101
52766
39604
771
115913
17238
64787
127944
24950
68541
17719
62672
19099
104017
30362
44945
47446
106227
22402
107236
13175
113860
14754
43825
61586
82213
71453
36889
92054
42869
67423
75317
64856
13812
98652
80383
15957
117480
8037
106340
29330
76666
33616
53903
97890
129721
16153
2691
107325
48101
96438
54704
35452
11543
58852
101459
63630
11621
61348
28189
57198
62921
94336
105062
1142
76745
41192
65424
47277
67978
99011
22948
17940
68645
128194
34665
36165
36118
118851
118760
90726
96596
25389
125698
32078
59460
118344
49810
3846
5513
37629
74199
124363
27813
103648
47025
116710
48874
59110
111277
10872
76748
119767
40229
80799
36037
68614
27247
52573
75828
42956
30396
103091
3610
64851
68740
104373
43877
94166
1836
4276
96956
119281
58653
30891
42761
6380
45399
80069
95832
62544
26794
8428
46775
23360
63800
6904
117261
57912
103432
128396
111104
83025
57894
35238
58464
16736
61597
65274
72531
72726
28556
11856
114616
128515
40123
58484
108602
13188
72262
9113
60796
14781
110861
104748
57713
8162
121825
43871
78233
76086
64199
103115
75222
9229
57204
52467
125244
59125
88532
87293
35105
92158
65766
46207
51548
32984
90462
46799
64026
52772
56858
72039
93587
58802
93589
37871
113305
61104
39866
94013
18979
26653
104243
123346
53010
58651
54340
87405
3938
29950
10873
20296
68953
47208
36963
106489
79860
2578
5540
51174
8546
33749
34427
3255
33258
4027
36836
77881
52919
95324
65109
12513
65583
109773
48852
9864
10129
24904
26597
75984
11699
23698
129263
73359
64091
36372
36112
54056
103966
48010
35807
63012
39521
11865
16575
121187
111693
129663
123835
120798
22847
2905
68433
126898
84059
92114
124081
44937
37358
12398
46154
27850
11807
3412
23323
34505
59472
92817
85607
71579
90862
34474
88845
80471
123410
30520
64042
30437
116948
93168
23892
78271
44411
21599
1025
97630
58800
23134
4588
113033
69733
91211
13842
56595
4044
20537
1506
2331
131345
41182
35871
38657
91668
33016
44805
15915
56973
56836
42257
13297
113080
10461
3278
66864
20420
27407
7598
96168
73765
44589
63634
88821
49698
116745
100982
60419
55435
776
38413
62492
96494
10745
71601
25806
71606
78424
3631
87645
73290
25378
2557
2333
60612
130176
96909
62441
41152
3023
3172
30134
20064
56224
119923
46555
39719
8478
33213
6786
1298
59005
129849
1090
47559
4328
5730
104863
72571
18365
27245
129553
63357
35708
11922
129198
94180
6824
72096
26859
28692
28534
64814
55877
49887
197
70033
100027
124772
45757
42062
64270
53221
93686
14206
115697
82906
125513
131342
2627
60038
11182
87609
56111
45754
24368
86534
86881
41243
122105
26565
4595
37496
33494
26893
2597
126815
28794
48359
71983
59506
104757
30036
128601
58779
69564
11662
36874
22799
30634
46031
23078
14343
26380
17800
64144
5369
34158
17187
78842
78351
57597
37788
77548
62794
29939
83904
8566
88551
67968
177
23916
81886
76188
99072
7432
44849
18145
117341
41678
35749
81005
60500
34875
61401
124649
55985
45783
11691
6663
87781
17024
64160
91083
129978
66123
83261
111244
4918
123127
28102
65495
8471
97370
10205
7365
49304
9885
40
12471
2745
72029
75697
124531
10671
6011
101122
120305
104686
70429
23333
128397
16171
20847
50008
58334
12495
16514
24184
38929
34758
90080
62930
55360
19100
108085
53959
3147
23230
15235
93699
116133
129992
49113
981
80694
14375
70230
72383
52377
123512
72577
7647
64022
7064
34300
54235
40069
13474
6497
81942
130800
114582
51510
34464
45194
21674
51982
70601
7074
33091
55647
104776
66453
47430
28861
99464
84274
34940
54321
123622
9636
126216
3425
17655
9021
53094
68896
4424
122908
45278
13942
122944
71086
129759
63369
74972
23125
8086
43813
56258
14160
20670
42629
26570
67401
2290
18064
19499
13101
57778
67473
58908
102392
30653
19276
69150
16333
34740
106512
11189
8475
98316
15380
111053
13918
81239
57176
115719
19481
67082
107250
59076
38263
56117
21257
32858
77472
25350
80574
36245
79439
57084
113500
20036
83484
39825
49914
105880
74214
47780
49787
7641
11725
57598
59959
1451
1523
51440
118911
14623
128749
101503
13033
130130
3674
28038
120615
60524
3869
25641
56495
16011
1504
125305
32655
13178
34892
52289
19996
130887
3225
115351
66601
87295
45674
113445
130777
66702
96061
75424
25586
39518
31176
17044
11261
72191
119081
20306
39602
62999
37802
114483
108352
15699
29613
9910
95931
129620
104814
58063
81091
33181
30399
13707
1752
41748
115324
96131
10562
8497
55640
130398
31472
67751
17230
34364
18602
31008
36983
111203
61385
37852
59991
129306
113604
127845
14382
1074
36184
45712
41017
68134
128980
67124
82934
24488
117224
41294
123547
52472
52787
26353
35430
74832
84766
56337
1158
9467
81732
77968
117864
113846
57300
75
8177
82497
119357
131099
23229
21813
45659
64795
4144
16856
118907
115901
29476
26915
1174
51399
73596
18161
61267
4229
52996
38562
59581
98148
52417
117753
12371
8099
79823
95457
121742
130580
54696
102657
40063
23653
52082
96273
84078
26104
38568
43640
16095
68633
26890
34362
94287
31736
37478
35786
121283
76876
34593
29286
17474
10789
68405
15035
75427
95281
85603
88458
24283
33214
84832
87929
15240
53345
23152
126233
99675
71528
6179
110437
49147
28480
78822
58753
17183
83381
77079
8334
61078
79156
58279
48229
56907
60060
73259
11874
95856
61376
130963
8619
77879
42295
30965
75157
113421
16208
22322
301
6175
127559
30062
111704
131671
40247
59303
56846
6607
22016
128929
129863
39670
59442
104264
68206
59891
4877
89764
40046
4435
49480
48318
24141
37269
15305
120778
66474
41979
61556
4581
73817
104504
98020
116174
77164
8953
114164
117649
25694
76472
43130
26975
116663
35487
29290
106955
60139
80919
19719
33430
5255
24528
97669
108192
58404
79721
29053
85254
131180
109769
60940
79447
69853
106281
79170
82241
99091
24602
129743
125639
96538
44818
59674
63236
105582
73489
70868
129467
125117
43751
41531
21303
56878
34307
101217
41847
50337
62075
81483
49409
81941
108866
130418
55502
115838
62494
85489
27821
15341
14018
120831
100173
108675
128665
75901
105423
9973
21998
46450
81634
32325
71691
7715
52524
53571
20381
107861
6601
79474
65319
91297
45438
6800
129059
77216
101310
16706
49667
55539
35924
76969
32453
123556
33508
18111
41225
120151
129164
18125
10015
89308
74604
46899
118309
30636
99837
13130
94149
17204
85790
131511
16961
55957
64087
105961
117273
45898
27771
129803
20362
128552
32712
48280
122814
24560
82163
111098
40471
23649
5317
27474
131326
62598
35248
44442
28259
72146
63979
41590
47143
9827
64339
19172
45102
77745
74911
65866
66933
30391
47349
21610
4272
119837
39885
114520
64272
19811
42097
45782
80630
27848
131363
33693
48779
17200
120843
28787
73502
44580
119323
111293
13823
22216
20300
114050
78245
41518
78516
107721
69937
57780
19980
124789
1065
42224
3883
36516
71607
33575
41823
41782
25370
79696
127173
5670
13588
2025
84163
51121
31359
49690
101756
50538
3768
107057
45599
44141
26767
67468
23058
49567
52333
97867
46378
55994
35092
127575
129230
128048
57073
44035
26864
96060
27360
131448
101617
88412
113931
39914
7156
3783
55481
98775
103351
124199
8803
69088
35842
95152
4586
60240
108667
12749
66283
47398
96367
124138
71776
106797
53730
4339
115794
31555
21902
10725
13935
6204
64953
2039
71248
1587
24597
29310
106979
68367
28939
7266
44944
70663
50101
36564
86469
59324
79095
96009
96198
47436
129814
70459
34745
8038
15740
37911
10295
51040
44788
43375
125219
37034
55189
38035
33599
29913
67458
122426
79694
72394
23695
36521
58159
129449
25237
20352
117066
79400
109157
21767
96012
10237
18134
72612
117415
16258
57156
1813
114988
124971
79585
13904
105345
2268
129176
69145
6888
54401
51777
53228
16085
101772
55868
85189
3625
66800
71207
61350
17147
26704
16401
44767
64114
11117
27310
128700
13820
61491
2633
10252
86023
39085
95420
69266
48756
115348
112050
10193
14152
37735
9543
84366
131108
6737
5929
34586
5198
45649
28425
24890
111578
71541
23427
130511
42686
15901
2288
75077
120877
106354
65341
82361
45148
3366
44896
129552
118224
130016
46570
21020
218
87903
16704
41337
80042
106153
111833
19404
108261
63709
35775
5702
87344
2335
16556
18823
77431
4459
52015
74532
22314
117563
24727
56580
37078
95540
52967
69985
57553
87277
2139
21290
73063
70971
44625
34333
8375
43189
89814
60901
12410
24277
306
19595
10564
54065
50266
9120
111626
19443
90308
95528
12491
7241
59742
38761
108923
51622
40711
23972
96220
63801
24170
23783
32827
52611
51630
63299
26865
51145
19934
6387
126283
20134
22814
16729
53952
13645
93712
5529
11657
25662
47105
91102
30322
7082
11875
67004
122889
119330
1078
115699
74877
98217
117755
29576
40826
16560
102296
43725
38307
35409
88499
74609
13147
9831
37965
125682
16811
99505
30780
105845
3275
73834
8093
90730
68536
41881
120546
60844
56853
55239
12719
61936
52581
6739
117069
54454
16546
29820
104675
91743
51237
13479
32989
102358
20516
56849
52586
68413
40407
71520
15283
39537
61000
50012
14201
18725
128908
21541
87067
18739
120468
22942
89804
57479
10010
95491
51086
107449
52869
16157
11071
51473
126995
123
36176
63458
53513
6330
83687
119119
31529
131463
123089
124613
54441
15484
81284
116990
68694
96579
120923
26033
36581
3542
11902
131146
33203
16156
101909
130384
31870
43864
103737
64170
72002
131098
95092
114263
2513
13132
129952
93364
69233
105609
35537
35604
770
4743
36858
8305
96167
2043
54974
63500
43319
53937
78237
38100
62088
7378
11360
22749
12069
6379
91802
39035
61926
60472
130190
19761
16490
79371
8648
19185
39844
7356
57106
32488
116778
66606
85221
33492
52460
123434
6816
42088
60653
4839
21855
9285
69079
21977
9378
129387
91900
70071
45807
124701
72889
107938
60595
52225
86919
29520
76702
107584
51597
70449
89301
2
33408
129993
34666
75069
65508
59430
55863
34187
17912
83360
116060
63073
40695
6968
55662
26157
57276
108958
75191
38385
62604
5998
12482
130424
74674
17773
116321
128958
2457
33615
56923
50209
117000
42105
41912
41406
123195
20282
20084
83276
63422
63919
40930
72118
22596
52135
19181
97011
41158
46687
97807
68605
47678
63327
37477
93935
86509
27058
96790
83716
105299
43546
7482
49680
42877
28178
86
48507
38936
47231
72812
44120
130918
16005
125311
5172
103746
3649
126875
130155
57796
67568
4966
129629
72122
27154
120793
19493
41400
10779
44768
31983
65612
71112
115518
59967
32774
108805
12052
13861
40182
27042
105708
3583
41903
39676
36757
15838
40545
124651
11628
83177
95459
59905
115723
50224
35692
65181
77070
37971
10817
31931
650
46860
58590
105513
98583
109899
76141
24746
103024
67970
20395
2022
67437
42093
72370
69176
46166
8696
43565
68047
39985
91693
6486
39552
832
81398
32010
50058
33664
47002
129895
60170
56171
34483
56114
115274
56701
47490
45126
64583
90915
34699
29170
2697
26054
4609
96194
69590
58789
36431
108141
22047
130192
128923
112429
19747
72041
38445
40221
14401
6722
61919
7502
28197
24111
2428
6502
43344
25520
4145
67886
100436
68227
93688
2810
171
77799
47228
102414
115179
128686
11682
31381
11105
76282
26135
27836
46495
90998
13881
68142
108180
7990
8662
49556
107071
108501
44617
53707
100759
20303
42791
2643
10782
49610
54576
104037
21710
1479
309
7562
101996
20929
101336
115131
41915
116674
131489
35422
17487
91978
128391
48812
32
75018
50318
73305
83281
34399
66564
89094
67659
62973
21014
55951
56631
68204
34442
29632
42876
128758
123738
104618
65594
33585
16354
115895
2944
50191
6634
51740
24045
71514
24959
56120
99939
121753
57743
11624
80088
24887
72115
24178
13460
78487
17074
91257
98011
19359
2980
2163
53409
41779
128307
78172
35485
35640
41545
56609
47638
37521
25989
56075
17197
59660
67398
33352
42373
81305
103609
64462
32432
28878
27716
5788
64871
23222
106835
110632
36121
126315
88099
22022
115502
126028
41440
44588
16013
71116
131528
78583
60024
20874
23353
14795
86885
115864
29444
51900
123100
57154
74672
56616
39185
62223
7520
44372
131168
32922
127955
115933
22680
22809
29255
39133
69972
62132
118062
14181
34041
120699
115010
117232
120010
78979
131754
51498
106722
34607
32505
111795
15314
67858
62852
120868
37414
99422
30359
72863
80982
49468
76829
12268
45487
63693
34480
16249
58218
100606
37590
2446
52304
91178
8851
57334
66380
91125
55629
32769
116282
45465
48205
10634
128312
62208
68901
31486
24680
120623
18847
127403
64844
5236
24459
112404
20097
81681
17417
3979
127936
95546
77328
2549
11800
119001
63476
87771
8579
20760
42340
94298
46103
50730
48977
124253
29191
77937
129966
62266
126266
131061
81439
31826
78868
125230
63504
99146
62785
115128
106920
39262
96766
56033
36773
9005
127927
48824
41013
118266
90530
98348
128568
130070
60917
43592
48595
2560
41213
36298
131637
20130
42525
802
66790
36497
116243
32575
76592
79662
68333
72443
94502
13436
47854
57469
13972
21326
42191
79684
25363
60431
37060
63820
130971
94331
24524
45464
50162
82816
74679
50470
115648
27102
91766
69788
107683
68983
95067
57519
108630
66630
30240
122256
55324
16960
17165
75973
28058
73578
58654
8833
85918
2747
75281
21201
73212
32386
71068
129123
14321
50317
37726
9051
109361
5194
94581
6125
6424
11973
2474
44117
131531
98541
62092
38377
90888
74833
75505
55482
48272
56018
3853
126484
9215
10081
102103
87196
17713
70333
16314
23495
62405
108017
24647
33398
40336
25201
104184
71233
73804
80697
100150
16079
114755
18297
81800
72831
57070
100617
131556
111692
57986
50357
11003
21941
110796
26402
38061
69842
82380
119400
55359
4885
84287
53133
39867
29248
39400
1477
19018
71996
101045
5251
64273
63762
94878
54606
51852
58310
31933
51835
39942
117544
57522
95340
24346
43058
23375
120587
88905
56576
37984
48902
1868
7430
105327
16467
36261
26364
110060
81935
128351
40370
114652
19779
97018
108239
16725
117683
86539
91209
78654
23574
3279
100565
125227
131174
109486
19989
17922
44667
130080
11873
20107
11684
120042
21728
89385
62882
63224
71992
59419
76280
109947
3350
43466
44772
76781
31928
111223
29407
50449
14560
60677
111390
25040
69963
21963
67671
90061
11837
40337
58307
43618
115968
103485
2192
74750
19846
64340
48495
125307
15761
11808
5762
1866
56044
70409
19726
4810
55507
1407
64691
61850
7297
60695
130442
10528
129566
11168
84066
45092
33596
23127
61126
124192
110931
53025
91780
4589
4129
10270
23775
28123
18687
41814
22615
55694
91500
43807
18885
111405
90334
50370
115630
112291
128340
99678
47813
61646
29940
61686
51309
29568
31401
8768
27728
2239
96709
46394
16220
122340
56654
38551
17298
15041
10286
458
91666
109805
122163
3223
113328
48079
42798
46604
74366
96814
105457
8867
131478
22774
50483
91253
49924
5212
131400
101463
41583
113436
97431
106259
94980
22257
36901
10647
21930
27103
63521
9591
60749
69681
112575
16186
106976
84544
15495
62422
76159
46247
95323
25463
58549
49387
80822
23733
42992
38040
9121
65483
32982
128463
59982
24783
62425
3717
154
45437
2922
99642
106968
50102
94708
17673
25805
3945
103188
50634
59231
77805
662
6164
44227
28319
43342
22813
75358
97886
40168
128215
18055
19324
125752
16347
72031
38408
87053
117991
24499
109277
1708
26187
59496
55318
95855
34632
100214
118438
90445
43125
180
27093
129199
46258
73687
111753
131791
19739
77923
38527
131116
71288
42724
108293
61399
67543
51976
124999
115735
67485
61490
113158
4938
40000
4587
78928
112645
11920
72326
67410
100446
103498
120368
53154
59376
124090
102133
18179
26195
73345
80486
8096
76355
12602
3367
3301
4956
95716
36409
79839
100626
36849
61608
131660
8267
73713
45563
99504
42207
101077
27484
8836
67427
21199
131570
26776
213
63478
70143
34493
94081
51637
72180
131233
39707
115683
41185
100291
31103
34877
63178
50290
21658
55689
4522
63841
96053
122869
18452
112347
17342
10192
1335
66878
43181
11745
91803
50768
18785
130392
70294
129866
54909
30303
109999
89777
6160
121796
64299
63152
37863
45118
20768
65750
18117
71778
55812
25263
111915
79926
19548
61332
45675
94036
56632
27299
44903
81348
94445
122376
5055
125841
73769
9645
48274
131388
77235
20730
19131
3655
90342
130036
119625
30559
126480
19232
41512
102498
8415
63858
39572
35847
28551
95736
63798
104756
11723
66643
129037
12219
76204
114567
36399
29609
66873
43570
110190
41812
1361
28538
6951
64454
7189
422
38993
79250
87600
68963
4419
127861
312
51314
1733
65877
58563
80690
86228
130491
18173
15779
25053
35915
20228
102167
131739
24929
42617
56842
48517
66208
101811
106745
22881
123653
123559
130799
84770
34519
130795
64808
116115
22333
64301
46338
35572
129897
16149
98531
66213
59264
42955
130293
24159
37033
98324
131371
54332
61088
76175
68132
25912
20607
66591
121937
62503
64578
113992
93548
125126
81238
83390
80685
103111
24190
50782
82616
47298
24532
37805
25107
121538
105892
119664
105436
3926
98954
31763
11250
4430
24448
59989
57288
107833
82635
106607
66276
29732
17644
103655
20394
14847
75244
76619
27529
68172
83581
49996
77348
44492
31286
61563
62263
72846
4225
70980
19712
59233
12613
118272
20635
47686
81000
77163
28322
10375
127784
118364
95874
58413
128991
28196
56418
41563
100289
113708
64685
37806
129531
12911
97277
43952
15265
893
22256
128856
66000
54622
62158
79096
5374
128575
48437
26831
87052
65526
96188
120896
64378
7839
129988
121460
65211
10792
114356
33081
30932
1925
115481
2117
34975
99697
19213
32660
52440
129764
32853
77295
42584
33217
110373
101699
20483
110824
8126
16650
24948
13442
71866
12212
50840
45614
78176
3330
65672
62976
85213
93864
71477
80391
40455
75868
59536
27744
46113
130199
71909
29650
92138
20572
98334
129192
53679
35036
32629
7198
1513
97262
11109
127371
1760
37646
56678
32278
40099
84750
129704
5082
10716
64177
23578
95948
50491
18483
129682
67626
52549
125896
20808
114353
121633
72639
105758
43253
131374
70743
14286
12161
59384
78527
110684
42744
126062
130429
73003
54230
112074
96806
13932
82855
32162
40678
40550
39735
112266
112980
34539
53584
99960
77114
8829
89184
4325
40912
129009
113753
46750
19128
58934
28242
90102
124156
21907
76951
49555
103605
199
41019
3592
80321
66651
74712
98017
30861
35765
48115
19962
20451
67310
18560
4098
120019
48161
67579
105723
62461
120905
111099
14012
47881
66730
72579
28905
55468
5043
28462
47931
77271
7911
63746
58231
84275
12232
112475
98426
21308
111235
64629
10541
86089
19971
98362
113664
34973
131276
29262
45214
52075
6456
53246
65270
3403
15339
71415
16631
72331
23981
53692
94787
24704
22970
85146
9701
105543
128475
82674
81246
95472
6787
71457
107786
84979
114840
33710
120458
55685
52921
60972
62211
127052
32322
38192
126830
32599
55717
56170
123094
39348
58925
34435
34750
16908
35199
92
73978
5669
54957
33541
6026
28659
13219
60833
35560
6978
33015
121169
7092
15898
10373
121101
17626
18831
32172
87869
25503
45547
6854
129915
5988
46429
20480
41043
72515
36342
112225
39695
68228
377
86580
56939
6998
11014
57369
73142
28977
83752
16956
26986
12518
1061
115973
25526
32962
7637
55645
105153
96149
56166
101366
123291
115046
22627
47912
56905
37715
72671
50258
113703
41316
45086
51823
95342
43449
72756
32238
114290
87832
120349
116981
47868
4373
15894
27480
129228
36560
96120
55600
55825
112166
9230
69838
127752
108721
70999
84240
76682
35922
36154
94203
89948
3957
61975
21680
65258
2535
40236
40068
122368
26358
102550
58098
46153
17134
52389
41509
110840
130752
55195
13526
66252
23720
27748
122395
103591
52658
107455
36188
128622
37876
127057
8079
9707
74860
42005
47714
41483
99296
429
30063
66799
42762
129716
63455
114757
62831
76337
24923
10184
72668
83762
9654
103964
95957
72354
14624
8159
99858
33665
36761
48983
27923
19759
61411
71326
99608
15911
68455
20373
17421
85879
34951
116915
51766
18508
35674
89675
14233
4773
36360
106523
131074
112864
126084
130737
16146
61516
62577
21339
17821
48823
123822
101334
129042
30428
37870
44810
37688
58225
43772
118041
26264
14956
102502
2940
44572
68329
131488
41311
86163
49943
26139
90384
37346
32577
40709
85642
75024
95834
110811
10927
95282
49816
20204
39043
101410
11713
67041
17189
73826
93857
67563
78886
6805
97617
93592
110758
21373
68979
58025
70218
41455
19894
77234
73644
126955
33102
125124
59661
42885
49303
569
51758
124198
7088
89127
130726
27265
41224
103930
28978
72252
70897
2703
113985
93754
119781
80387
5089
5177
65360
1239
21762
91511
122359
114941
63362
7746
50814
74730
33853
25733
57904
10361
128922
14135
46311
61389
4213
65143
13343
73314
538
33979
60680
66368
93392
6923
27094
64243
58285
33211
104152
28327
128898
51654
5994
40263
100336
127948
66160
12548
57748
52625
84696
5556
63583
75421
60397
126551
50603
96387
49778
61119
101132
21172
19000
81912
17896
87451
128144
64756
93480
81876
50492
58059
45997
2695
25497
117169
108621
5511
44043
35688
92831
38645
18554
6331
111625
129820
20600
53257
39943
32380
18946
72329
94521
12798
38556
13204
68109
42605
45020
18567
54875
111750
104274
54804
61186
86578
111280
110986
111374
31655
61978
75888
33084
63538
131156
39974
74372
118302
31661
118366
38928
129373
70045
5816
94706
111516
28995
6280
62426
125854
33259
48749
52294
79126
73511
20178
59148
56861
3988
71513
45375
11706
53393
106829
58341
89765
131166
69036
17215
31083
116612
50558
55821
66128
71318
44529
111711
63519
64358
126122
75575
125789
108922
32801
35912
23709
87478
127449
115354
101651
26585
94392
22179
74667
90944
1948
9431
46088
17818
11547
865
16829
118409
99387
19273
101454
9944
74136
72355
129594
57824
63569
19678
106041
96305
27186
17095
40579
19576
29539
129673
100907
80877
91760
11207
1194
82591
1473
58784
17662
72265
11959
53712
7208
53632
102543
101952
42846
72574
52204
8128
32724
49856
44765
13300
42360
117291
129864
97698
49560
49604
130942
76036
79825
130555
63449
84610
12054
87768
71852
76599
49688
62990
93695
118564
39416
39115
48620
50698
59162
63664
22570
26609
62787
35370
130459
60522
6832
16529
15353
52004
39774
71682
58210
47913
64743
3001
97924
23
100958
74739
18495
10683
28740
33061
55609
56647
76103
106785
44513
130383
11319
26132
22986
16830
112055
33393
122287
16517
74810
33524
62003
37606
88051
12325
2396
116013
103499
120375
5738
16421
39984
36086
122945
85901
121999
29194
37124
82820
3201
1095
120494
48952
8317
21619
101109
129537
129113
131318
29237
72641
19656
128786
6666
117592
6699
57579
106162
99278
72737
22518
16554
61061
11957
106581
118988
72764
101483
1461
40119
7900
71717
5096
28763
51618
33634
52023
22554
66062
63127
9947
111705
81492
16287
42867
17201
80617
40089
46542
76186
88909
74899
51737
7077
54439
79562
6746
56710
11042
2692
53746
11266
43866
25950
22886
128110
96774
80505
116752
102215
126519
27584
130056
54099
40840
56345
37083
130653
48363
99254
1985
30452
123192
37437
114211
73532
44899
20632
126841
4246
69284
36417
10772
1686
31283
53174
117032
848
51400
101792
10084
56377
5454
78774
128130
71402
87346
8531
24885
23721
41573
120130
9852
29616
57794
124707
31045
77270
46295
10900
109716
83371
29472
50144
105764
42278
946
131547
24279
51068
17145
57718
37834
45117
50807
77544
43963
8738
73196
127879
17726
673
638
25216
14543
25061
3946
89812
41199
27545
52091
82333
90700
58923
29535
54131
15373
77588
2336
1767
127437
59786
84989
100311
126923
36592
22991
38625
39292
12101
56640
75318
106029
93982
22187
121710
115443
72008
107664
25966
125302
92913
51614
1823
125474
114963
32478
100813
96065
79632
10398
122905
72264
65099
45127
107681
27032
93147
119567
41271
22674
62508
33581
56237
88533
104491
40266
100479
86120
27552
42831
25042
54173
80414
80821
72459
47181
35419
80036
66712
104726
98880
2178
15075
120343
76569
113323
32737
105520
3143
129723
58900
33351
72824
12605
24202
11976
52991
126947
99209
4335
26351
20957
67741
120968
105470
8594
74367
14295
89999
1332
44205
6117
110875
102516
48312
49546
12100
49064
120120
50827
110068
122008
103528
27144
58631
56430
118268
3215
70142
30884
107044
26204
11526
32835
116907
30554
13986
79403
39190
120208
31601
22682
36422
11172
127470
7371
4540
104135
5378
37557
52469
111048
11587
76550
2730
72575
29218
97465
90814
63374
21426
33022
16898
1038
55893
12552
6270
129364
2573
6018
40073
40865
14548
65332
55911
32926
17783
70606
1303
34370
54818
75627
11676
55314
117510
32642
50747
78421
76035
63572
23561
49745
12739
124001
23809
75248
63293
99130
1784
14833
25744
62462
5520
28453
72787
22173
85387
50601
38090
37711
131208
92143
13110
27719
127697
123757
129642
26857
24417
105687
123677
46070
98398
114221
69978
56556
729
2147
23411
52102
66514
47880
39617
37117
19940
68312
13241
4898
1711
2531
72496
50753
70241
41366
11142
76672
63479
20904
34327
24937
106243
61813
104590
35980
85005
11294
46310
26917
96611
108789
75334
102066
54493
28665
63756
28917
60324
36988
27207
70009
91823
113903
27652
51644
75780
120060
14448
68007
13538
93489
67411
129664
2365
47340
130998
89833
48245
35483
4358
72741
34902
116232
99357
68857
57932
128726
6341
32196
23153
60129
67195
76009
87242
129551
131280
73081
19487
53971
4221
119241
59349
117731
1356
67017
46712
35434
33938
60751
10952
127336
26583
84498
25149
61398
111045
20912
101554
72491
59298
112783
63446
45234
35083
60059
29384
24577
15308
33845
106134
80458
27465
44
60082
6989
21849
81865
73392
65405
31771
95847
39793
14835
76760
93665
2134
122505
64627
24432
14926
25834
128950
32372
42455
50790
82808
22344
31014
9634
39326
58101
63597
98067
100782
31209
23249
20292
49284
48938
69961
77597
41746
102710
95822
88200
32751
116699
41173
92229
21770
111968
73787
16326
111791
12141
22712
3232
65302
19635
64910
82907
123129
101556
25123
42747
116228
6724
12202
4337
117178
52096
65251
64975
28233
57464
4192
117642
81779
58568
21723
14804
15796
50553
13593
44764
36130
65775
78669
121867
15764
95391
25232
66531
62093
126397
4059
28882
39136
20184
50006
5078
98352
126143
129976
116944
100340
70155
128392
113472
126432
50214
14626
206
1647
48036
27354
38333
11564
126501
128263
28046
94908
30030
37848
122820
59114
115392
120995
130388
50822
30353
127287
53873
129861
15039
17986
17580
39183
49250
128522
43085
84661
41080
75209
95690
75434
44111
125891
87352
108474
51809
13048
106898
116358
40792
35761
15326
50086
48694
113443
57493
68502
72526
23014
125221
8019
4736
19238
12993
90324
37862
65622
37194
130624
21696
61771
68947
37175
121756
121511
57061
12472
83228
80203
3680
25097
17964
12329
115717
67703
59116
6493
82461
12310
58570
56977
20856
99535
70165
71964
8616
64872
89259
47376
4025
57146
898
9578
110553
6045
111969
52208
80271
97457
4281
40955
100688
23036
81976
55731
15754
43383
63425
65074
11053
48330
45185
38324
24099
12820
61437
67290
7563
66704
3392
120441
37190
11188
57755
130717
99905
2243
88440
27501
49256
78860
108937
96003
111147
49933
59121
112102
84723
4355
13319
35500
75336
10886
83637
6815
70355
35256
67696
127970
127222
104907
71658
73432
120601
48254
112360
64401
74425
77553
666
31955
50154
107274
18504
1883
3483
105977
33215
6667
31331
32219
127881
9811
125539
127408
45497
74933
57101
28526
61207
64203
7015
78413
32115
110600
1949
128892
82652
72501
129090
90619
65009
48163
118481
10261
45616
124440
6076
61708
32528
12251
109676
96917
50005
51416
115674
120464
53559
33130
97524
42841
78091
40049
90268
94157
63679
40874
12126
129626
88494
7468
112798
59111
131084
31765
3134
195
41835
18488
33743
38031
70810
105469
44002
41229
11502
22731
36940
74360
50385
48561
14506
11401
24894
11667
21277
30174
72615
70536
31339
66686
123590
6134
131574
22930
7530
49711
20194
76968
54181
52355
95849
34401
52519
82736
42502
124668
96441
100925
44983
93790
11087
45833
1205
96142
320
73591
39251
30646
97143
51436
50662
74259
52215
85697
59818
44792
87502
80790
51922
56022
48851
17758
2442
108566
35861
35196
52636
51864
22566
27205
2386
25999
63340
20659
57118
6310
98710
65335
111080
17475
6068
45606
52151
5845
106424
41494
23445
31092
79119
117516
57784
17843
55949
67629
41849
67286
9428
409
73385
27439
131785
60427
53974
4446
33820
65872
10190
4109
24367
51125
111383
50903
66644
5296
45791
63292
26464
66356
38792
113588
4270
95602
26239
51642
47558
25222
131384
23598
54057
4304
11601
1484
59813
80887
113780
74597
23603
77159
97528
79383
20715
33055
23647
99824
102542
29190
38990
59365
130295
54265
46369
33605
53060
71030
124962
10162
54311
26313
62239
76240
39222
22102
104501
121089
83465
82966
86638
25994
104330
104424
72614
59262
7956
74306
5717
14813
95196
28906
49923
80817
79816
45007
54931
131241
83968
57103
67197
45755
118500
63390
53145
5343
44685
124045
49197
107132
16383
31139
56129
129707
66041
35399
53799
113711
40918
114287
20810
108120
54484
38117
7764
94102
59084
22099
36438
34965
98282
13291
68920
47500
4202
51234
21322
92781
121410
30009
60546
127849
54879
7905
38433
110870
78617
68088
79981
65179
78488
119107
42925
5494
48893
59493
2173
80119
130469
39839
54652
51983
60155
107533
106299
122081
45430
89984
88356
31890
8469
71736
12877
22619
20643
55379
130308
2674
14904
9212
7570
57620
119839
52956
93494
8807
104008
4164
29754
82342
24936
53556
66613
61654
18018
18461
55473
42180
126121
58605
17016
56139
129640
114051
26800
101654
33048
88554
68976
7317
5792
21786
70345
129197
3921
9835
67039
33199
51554
84005
36784
82547
41653
30902
43394
27156
18272
18958
3221
90245
25657
121165
60623
28786
72837
35260
46082
14144
82473
109923
5573
39677
80068
67714
2986
43240
2081
114863
118465
42879
37595
28803
89128
2546
80210
2634
98452
20985
62053
19400
48860
102315
44890
75907
65146
47278
27934
61173
98886
69180
99677
46619
32383
50383
97043
66502
65005
72000
35528
72093
78496
44606
60451
34167
125292
101872
46526
40417
67299
80788
23223
79909
126309
130134
38723
123407
63360
59972
106222
64248
59108
3622
78674
79147
60700
86350
114632
126108
119613
17627
15845
30219
128273
28217
23576
116368
131629
114176
7510
66642
128511
7645
10814
6672
28145
76820
53586
48444
114497
71041
41997
12356
22514
39060
128553
95906
6246
108712
97255
109242
58029
102925
106880
19882
17380
81578
12197
41635
119153
68757
65959
104873
40224
58837
21780
130467
445
106838
110708
3177
36370
57643
19574
74102
77364
80113
125052
27517
99262
59759
66040
90286
42038
62867
16271
40680
77892
81613
113848
103693
93995
44348
237
87535
52346
115938
30759
20735
49173
61454
107891
92806
60625
6480
8084
121477
1988
51178
99364
32749
44306
7852
51905
65629
62248
40355
80153
35632
915
92178
31006
111
80673
63265
121366
81250
36209
73299
63509
17377
68153
48056
100360
73987
128639
84493
20076
18294
42835
129411
55285
16585
80783
130741
25992
129920
59949
39784
30551
29408
12218
93537
8340
22149
113124
4788
57066
7227
113842
32850
131558
60362
116476
128560
26811
5737
59746
3214
100142
113727
20068
48191
40146
53444
111647
16378
25769
69160
5252
73796
12735
5111
21862
22989
80402
7673
23942
25076
72525
100572
38718
47574
13254
93562
20669
78667
110959
1487
2467
17113
107090
72550
104228
70612
25697
41076
7617
11203
102982
48544
87507
62585
37398
94622
111266
39781
88889
107480
43954
3135
47929
106724
60048
131657
120640
12466
33525
33614
43967
28111
19581
51923
128380
50088
26394
124228
68331
75870
46279
105276
60970
38390
40649
107940
43431
33295
27191
34257
95553
66759
70934
60782
24639
64305
6895
22018
107009
39346
54714
24304
13405
8082
67884
75404
118175
128783
77647
127657
89440
88301
15966
112326
8300
322
130974
19887
17340
68944
25282
53817
101649
130835
24344
14419
94673
43809
54247
12994
89650
88275
25598
74190
31808
22863
29636
21688
19782
117989
45331
95626
31358
68550
44759
72507
49894
37456
13138
9468
60373
19337
10943
57419
123918
83004
45100
9133
95728
38104
11835
129213
62612
30140
33569
91033
9695
7850
58851
54138
23038
125254
5102
3763
78061
21430
67869
63648
57658
43084
40539
37230
72313
15087
46703
95677
7409
51163
15879
4967
95611
115015
17071
89061
80878
105675
105643
37052
113159
113874
20406
44826
65092
11968
68767
21189
98430
12935
58862
108223
42851
130185
62112
2837
48744
35610
93322
11044
127293
117150
107285
11118
48992
106273
131524
5237
2685
121703
13032
33096
131787
37102
60469
72372
61659
61548
22070
11752
59040
74524
122465
102095
60069
7253
116297
99176
120925
62080
113061
70631
22650
38650
3119
70613
12266
52737
31408
117981
87739
106380
65948
79682
16414
119552
31069
42623
99184
51873
51144
65127
96902
77928
127189
105063
97476
52739
76559
50156
13901
53637
41397
86192
69103
66947
50562
108479
67424
12046
85131
117111
26648
111195
114245
19539
14269
67230
84949
109305
106630
39071
49026
24030
23310
62650
38818
51091
130712
48039
44531
5794
46845
20864
80181
42746
10206
12040
55107
131602
33463
72271
69294
63556
5223
10133
47258
126515
75076
25031
59286
29830
81680
100286
69175
3712
66032
100989
3414
82157
127303
83003
67364
68009
114937
113791
474
41365
43204
61967
16843
39961
11898
88874
127185
48230
121525
36402
11796
64095
131105
127333
98694
25831
26080
14298
49122
7721
34238
52076
1167
30656
131052
48716
34626
41641
6027
70182
7499
30727
40062
66530
27871
60588
111588
23673
16680
68499
32868
73737
11326
129406
103085
71152
61053
100514
29490
83959
4488
20799
60195
35510
80601
11481
71369
112657
109171
65188
66414
17205
33563
52944
26956
62142
17045
23693
72594
33595
42756
131353
66220
72143
34385
87520
23191
25944
100980
92075
110408
31660
57656
77250
28661
74492
58766
5464
7684
39435
68112
32930
24253
56024
124471
100406
2293
24380
35107
42488
112194
128557
73504
63104
57528
97870
16754
74552
38380
88575
39298
64585
51555
35499
88997
101316
92165
131540
130435
94491
122658
33386
122571
48940
38783
48293
106848
101627
55859
54130
6645
97812
27514
27549
65168
94933
29926
54933
20575
130302
19572
66739
80835
20011
104104
43046
4645
28699
41024
32733
101849
70611
127553
65658
99940
5585
5951
59633
51558
11115
55827
57284
118091
45610
65016
22628
32634
72064
54746
75064
114238
32295
69780
47632
67122
81381
9995
33071
82588
405
24879
129801
121600
44045
81742
14246
41035
89956
68094
21949
69787
59257
24609
106912
36217
48344
26006
20493
15657
130141
103433
109194
124362
128469
121340
43213
44920
1444
7671
